"Aerosol-non-saline"	"Animal-corpus"	"Animal-distal-gut"	"Animal-proximal-gut"	"Animal-secretion"	"Animal-surface"	"Hypersaline-saline"	"Plant-corpus"	"Plant-surface"	"Sediment-non-saline"	"Sediment-saline"	"Soil-non-saline"	"Surface-non-saline"	"Surface-saline"	"Water-non-saline"	"Water-saline"	"Unknown"
"A49"	0.0151	0.0059	0.0251	0.0285	0.0089	0.0048	0.0082	0.0426	0.0131	0.5999	0.0264	0.1262	0.0092	0.0114	0.0193	0.0057	0.0497
"A59"	0.0122	0.015	0.0267	0.0234	0.0106	0.0111	0.0106	0.0035	0.01	0.6052	0.0307	0.1528	0.0125	0.0101	0.0234	0.0097	0.0325
"A64"	0.0134	0.0866	0.0043	0.0038	0.0132	0.0405	0.0085	0.0045	0.277	0.0185	0.0799	0.2562	0.025	0.0683	0.0601	0.0369	0.0033
"A98"	0.0135	0.0621	0.0045	0.0031	0.016	0.076	0.0097	0.0093	0.2196	0.0254	0.0721	0.3074	0.0329	0.0547	0.0627	0.0281	0.0029
"A99"	0.0142	0.1018	0.0063	0.0048	0.0157	0.0652	0.009	0.0076	0.1655	0.014	0.069	0.3766	0.0154	0.0551	0.0429	0.0337	0.0032
"A122"	0.012	0.0246	0.0042	0.0041	0.0099	0.0202	0.0089	0.0097	0.0801	0.0463	0.0533	0.4119	0.0326	0.0596	0.1946	0.0207	0.0073
"A124"	0.0124	0.0452	0.0056	0.0028	0.0089	0.0256	0.007	0.0141	0.1741	0.029	0.0968	0.3903	0.0237	0.0672	0.0437	0.0453	0.0083
"A126"	0.0201	0.0437	0.0054	0.0033	0.0135	0.038	0.0121	0.0471	0.112	0.0253	0.0927	0.3638	0.0215	0.0778	0.0775	0.0356	0.0106
"A132"	0.0228	0.0063	0.0359	0.0293	0.0055	0.0048	0.0085	0.0854	0.0122	0.5578	0.02	0.1253	0.0099	0.0106	0.0293	0.0085	0.0279
"A144"	0.0095	0.0143	0.0035	0.0023	0.0066	0.0105	0.0066	0.0062	0.0561	0.0785	0.0425	0.6372	0.0109	0.0302	0.0413	0.0096	0.0342
"A183"	0.0172	0.0048	0.1103	0.0852	0.008	0.007	0.0094	0.0103	0.0056	0.4668	0.0324	0.1368	0.0092	0.0094	0.0227	0.0056	0.0593
"A193"	0.0234	0.0093	0.0392	0.0272	0.0104	0.0093	0.0098	0.0159	0.0083	0.54	0.0243	0.1857	0.0173	0.0123	0.0293	0.0055	0.0328
"A212"	0.0293	0.0144	0.0238	0.0147	0.0129	0.0125	0.0122	0.0771	0.015	0.2623	0.0271	0.2697	0.0105	0.0217	0.167	0.0113	0.0185
"A242"	0.0088	0.0068	0.0153	0.0122	0.0086	0.0055	0.009	0.0034	0.0052	0.5952	0.0204	0.2142	0.0072	0.0101	0.0187	0.0045	0.0549
"A279"	0.0171	0.0556	0.0045	0.0036	0.0114	0.0397	0.0103	0.0115	0.1248	0.0367	0.1185	0.338	0.0246	0.0635	0.0905	0.0382	0.0115
"A285"	0.0154	0.0075	0.0178	0.0157	0.0055	0.0078	0.0088	0.0136	0.0119	0.4857	0.0274	0.2845	0.0099	0.012	0.0282	0.0066	0.0417
"A298"	0.0124	0.0346	0.0053	0.0036	0.0091	0.0329	0.0088	0.0047	0.1753	0.0344	0.1665	0.3313	0.0212	0.0733	0.0479	0.0316	0.0071
"A326"	0.0332	0.0096	0.0321	0.0258	0.0084	0.0099	0.0082	0.3209	0.0159	0.1611	0.0356	0.1356	0.0098	0.0181	0.142	0.0131	0.0207
"A345"	0.0153	0.0121	0.0223	0.019	0.0082	0.0073	0.0108	0.0085	0.0145	0.532	0.0364	0.2314	0.0122	0.0147	0.0267	0.0076	0.021
"A352"	0.0139	0.0066	0.075	0.051	0.0086	0.0064	0.0074	0.0028	0.0061	0.4377	0.0266	0.145	0.0101	0.0092	0.0186	0.0051	0.1699
"A420"	0.0124	0.0076	0.017	0.0173	0.0081	0.007	0.0089	0.0059	0.0163	0.4722	0.0255	0.2999	0.0128	0.013	0.025	0.0044	0.0467
"A436"	0.0057	0.0103	0.0034	0.0025	0.0049	0.0077	0.0059	0.0021	0.0259	0.1219	0.02	0.6368	0.0098	0.0187	0.0519	0.0141	0.0584
"A440"	0.014	0.0362	0.0051	0.0033	0.0111	0.0517	0.0089	0.0059	0.1566	0.0329	0.1665	0.195	0.0289	0.0736	0.0552	0.0377	0.1174
"A441"	0.0087	0.0118	0.0021	0.0029	0.0052	0.0059	0.0074	0.0025	0.0419	0.0621	0.0265	0.7289	0.0118	0.0195	0.0364	0.0126	0.0138
"A463"	0.0111	0.0063	0.0156	0.021	0.0055	0.0059	0.0069	0.0021	0.0071	0.5308	0.0232	0.242	0.0105	0.0086	0.0196	0.0046	0.0792
"A498"	0.0112	0.0067	0.0152	0.018	0.0086	0.0052	0.0097	0.004	0.013	0.6298	0.0382	0.1835	0.007	0.01	0.02	0.0059	0.014
"A501"	0.0121	0.0394	0.0056	0.0041	0.011	0.0348	0.0093	0.013	0.2295	0.022	0.1757	0.2567	0.0266	0.0752	0.0477	0.031	0.0063
"A508"	0.0235	0.0073	0.0383	0.0209	0.0133	0.0075	0.0078	0.079	0.0167	0.4779	0.0345	0.1576	0.0111	0.0179	0.0349	0.0105	0.0413
"A509"	0.0149	0.0628	0.0045	0.0047	0.0168	0.0433	0.0089	0.0112	0.2256	0.0236	0.0751	0.1475	0.027	0.0807	0.0392	0.0366	0.1776
"A516"	0.0056	0.0182	0.0026	0.0035	0.0061	0.0118	0.0075	0.0026	0.0294	0.0685	0.0346	0.7188	0.0125	0.018	0.0304	0.0149	0.015
"A553"	0.0174	0.0072	0.0165	0.0175	0.0072	0.0063	0.0093	0.1083	0.0112	0.5513	0.0197	0.1535	0.0082	0.0131	0.0292	0.0063	0.0178
"A609"	0.0095	0.0567	0.0057	0.0043	0.0128	0.0396	0.0087	0.0058	0.1727	0.0282	0.0947	0.4136	0.0205	0.0565	0.034	0.0336	0.0031
"A615"	0.0116	0.0075	0.0174	0.0193	0.0095	0.0048	0.0083	0.0019	0.0116	0.6041	0.0214	0.2047	0.0117	0.0095	0.0274	0.0067	0.0226
"A649"	0.0231	0.0074	0.0355	0.0309	0.0109	0.0083	0.0078	0.0683	0.015	0.4685	0.033	0.1966	0.0161	0.0148	0.0362	0.0068	0.0208
"A656"	0.0098	0.0254	0.0034	0.0045	0.011	0.0261	0.0096	0.0213	0.1117	0.0332	0.0787	0.3474	0.0311	0.0832	0.1632	0.0324	0.008
"A684"	0.0174	0.0071	0.0138	0.0152	0.0073	0.0096	0.0111	0.1571	0.0131	0.4657	0.0456	0.124	0.007	0.017	0.0536	0.0092	0.0262
"A752"	0.0256	0.0146	0.0288	0.0197	0.0069	0.012	0.0095	0.1605	0.0184	0.1967	0.0603	0.1724	0.0135	0.0232	0.2044	0.0138	0.0197
"A792"	0.0196	0.0531	0.0031	0.0056	0.0123	0.0445	0.0083	0.0428	0.1117	0.0233	0.0456	0.3388	0.0432	0.0626	0.1522	0.0264	0.0069
"A793"	0.0149	0.034	0.0036	0.0043	0.0127	0.0173	0.0103	0.0179	0.0436	0.0327	0.0292	0.6147	0.0163	0.0295	0.0938	0.0185	0.0067
"A797"	0.0123	0.0454	0.0108	0.01	0.025	0.0338	0.0152	0.0019	0.0213	0.2551	0.2893	0.1551	0.0109	0.0229	0.0408	0.0375	0.0127
"A802"	0.0106	0.0445	0.0051	0.0033	0.0122	0.0684	0.0111	0.0044	0.2344	0.0204	0.1307	0.2797	0.0204	0.0841	0.0414	0.0274	0.0019
"A808"	0.0189	0.0076	0.0131	0.0135	0.007	0.0065	0.0074	0.0756	0.0096	0.563	0.0199	0.164	0.0113	0.0142	0.0312	0.009	0.0282
"A888"	0.0144	0.0068	0.0257	0.02	0.0078	0.0076	0.0064	0.0263	0.0123	0.6088	0.0288	0.1611	0.0109	0.0112	0.0316	0.0072	0.0131
"A902"	0.0059	0.0154	0.0026	0.0025	0.0068	0.0082	0.0078	0.0015	0.0256	0.0663	0.0331	0.73	0.0072	0.0208	0.03	0.0111	0.0252
"A906"	0.0088	0.0838	0.0055	0.0037	0.0156	0.068	0.0078	0.0029	0.3085	0.0119	0.0958	0.1804	0.0283	0.0955	0.0406	0.0354	0.0075
"A938"	0.0171	0.0077	0.0226	0.0194	0.0096	0.0055	0.0133	0.0137	0.0113	0.5937	0.0267	0.1671	0.0096	0.0137	0.0371	0.0063	0.0256
"A949"	0.0099	0.011	0.0176	0.0225	0.0111	0.0112	0.0103	0.0033	0.0194	0.5807	0.0499	0.1707	0.0101	0.0144	0.0195	0.0076	0.0308
"A961"	0.0173	0.0596	0.0042	0.0047	0.0087	0.0141	0.0096	0.1229	0.4202	0.0162	0.0177	0.1222	0.0112	0.0657	0.054	0.0459	0.0058
"A998"	0.0169	0.0071	0.0184	0.0253	0.0094	0.0049	0.0092	0.1943	0.0111	0.488	0.0319	0.1057	0.0091	0.0135	0.0233	0.0065	0.0254
"A1049"	0.0087	0.0172	0.0029	0.0019	0.0078	0.0141	0.0062	0.0032	0.0648	0.0448	0.0365	0.6481	0.0133	0.0307	0.0584	0.0335	0.0079
"A1055"	0.0067	0.009	0.0015	0.0019	0.004	0.0067	0.0077	0.0018	0.0236	0.1349	0.0438	0.6822	0.0145	0.0148	0.0229	0.0079	0.0161
"A1102"	0.0147	0.0066	0.0135	0.0154	0.0064	0.0064	0.0082	0.0287	0.0102	0.5029	0.0343	0.274	0.0115	0.012	0.0302	0.0095	0.0155
"A1128"	0.0123	0.0076	0.0282	0.0288	0.0094	0.009	0.0082	0.002	0.0076	0.5675	0.0311	0.1681	0.0089	0.0107	0.0163	0.0053	0.079
"A1146"	0.0167	0.0416	0.0048	0.0047	0.0139	0.0395	0.0117	0.0616	0.0917	0.0226	0.0439	0.3534	0.0303	0.0574	0.1684	0.0269	0.0109
"A1152"	0.0247	0.0117	0.0434	0.039	0.0149	0.012	0.0095	0.0271	0.0101	0.3826	0.0229	0.221	0.0127	0.0128	0.136	0.0078	0.0118
"A1169"	0.0299	0.0127	0.0273	0.0553	0.0143	0.0078	0.0084	0.0969	0.0127	0.5225	0.0313	0.1025	0.0139	0.0139	0.0276	0.0075	0.0155
"A1220"	0.0261	0.0136	0.0652	0.0457	0.0152	0.0095	0.0085	0.06	0.0134	0.398	0.04	0.1394	0.0132	0.0203	0.0677	0.0114	0.0528
"A1230"	0.0204	0.0041	0.0374	0.0369	0.0102	0.006	0.0087	0.1963	0.0095	0.481	0.0251	0.0643	0.0091	0.0115	0.0238	0.0062	0.0495
"A1234"	0.0076	0.0165	0.0023	0.0026	0.0054	0.0089	0.0088	0.0012	0.0287	0.0868	0.0434	0.4542	0.0088	0.0171	0.0246	0.0103	0.2728
"A1259"	0.0073	0.0138	0.0044	0.0032	0.0053	0.0087	0.0083	0.0028	0.0419	0.0429	0.0299	0.7438	0.0168	0.0191	0.0318	0.0134	0.0066
"A1272"	0.0177	0.0113	0.0263	0.0311	0.0072	0.0091	0.01	0.0365	0.0114	0.5018	0.0279	0.2191	0.0123	0.015	0.0326	0.0088	0.0219
"A1317"	0.0182	0.0094	0.0264	0.0416	0.0096	0.006	0.0088	0.0322	0.0107	0.5703	0.0331	0.1101	0.0074	0.0122	0.026	0.01	0.068
"A1339"	0.0199	0.0308	0.0062	0.0038	0.0087	0.0425	0.0188	0.0485	0.096	0.0258	0.0641	0.3259	0.0274	0.0855	0.1666	0.0237	0.0058
"A1341"	0.0062	0.0137	0.0048	0.0051	0.009	0.0112	0.0054	0.0015	0.0075	0.0279	0.0155	0.841	0.0139	0.0098	0.0101	0.0054	0.012
"A1379"	0.0235	0.011	0.0265	0.0221	0.01	0.0115	0.0104	0.0468	0.019	0.3837	0.0391	0.2107	0.0133	0.0198	0.1181	0.0095	0.025
"A1393"	0.015	0.0064	0.0226	0.0234	0.0064	0.0054	0.0084	0.004	0.0136	0.363	0.0228	0.2206	0.0082	0.0078	0.0197	0.0058	0.2469
"A1415"	0.026	0.0115	0.0167	0.0201	0.0126	0.0093	0.0108	0.1366	0.0071	0.2753	0.0249	0.1408	0.0107	0.0123	0.2603	0.0084	0.0166
"A1435"	0.0123	0.0085	0.0177	0.0159	0.0075	0.005	0.0093	0.0563	0.0102	0.5813	0.0264	0.1594	0.0099	0.0163	0.0287	0.0091	0.0262
"A1442"	0.0153	0.0685	0.006	0.003	0.0151	0.0641	0.0086	0.0089	0.2582	0.0215	0.093	0.1484	0.0293	0.0982	0.1179	0.0394	0.0046
"A1490"	0.0181	0.0103	0.0188	0.0255	0.0117	0.0067	0.0069	0.0195	0.0144	0.5018	0.0225	0.2311	0.013	0.0161	0.0283	0.0067	0.0486
"A1522"	0.0159	0.0427	0.0052	0.0047	0.0107	0.0398	0.0117	0.0705	0.1644	0.02	0.1433	0.2541	0.0196	0.0987	0.0575	0.0378	0.0034
"A1529"	0.0094	0.0058	0.0097	0.0107	0.0056	0.0039	0.0085	0.0032	0.0072	0.64	0.0259	0.2013	0.0106	0.007	0.0137	0.0035	0.034
"A1570"	0.0046	0.0107	0.0025	0.002	0.006	0.01	0.0087	0.0016	0.0211	0.0579	0.022	0.7569	0.0129	0.0161	0.0213	0.0147	0.031
"A1598"	0.0102	0.0079	0.0113	0.011	0.0095	0.0061	0.01	0.0097	0.0092	0.5356	0.0192	0.2545	0.0103	0.0106	0.0215	0.0079	0.0555
"A1627"	0.0294	0.0111	0.0366	0.0342	0.0096	0.0112	0.0098	0.0487	0.0149	0.2901	0.0398	0.212	0.0112	0.0168	0.1886	0.0118	0.0242
"A1650"	0.0121	0.0088	0.0368	0.0277	0.0089	0.0067	0.0059	0.0045	0.0094	0.5921	0.028	0.1724	0.0069	0.0082	0.0254	0.0046	0.0416
"A1654"	0.0096	0.0432	0.007	0.0045	0.0123	0.0468	0.008	0.0039	0.2095	0.0205	0.2262	0.2259	0.022	0.0843	0.04	0.0338	0.0025
"A1659"	0.0063	0.0104	0.0023	0.0024	0.0035	0.0087	0.0067	0.0064	0.0276	0.1049	0.0243	0.444	0.0135	0.0197	0.0472	0.0103	0.2618
"A1675"	0.0039	0.009	0.0021	0.002	0.0033	0.0036	0.0081	0.003	0.0184	0.0473	0.0181	0.8222	0.0093	0.0127	0.0155	0.0095	0.012
"A1698"	0.0122	0.007	0.0233	0.0211	0.0062	0.007	0.0071	0.0071	0.0118	0.6098	0.0258	0.15	0.0098	0.0142	0.0205	0.0062	0.0609
"A1725"	0.0176	0.0076	0.0209	0.0283	0.0065	0.0072	0.0091	0.0068	0.0143	0.4704	0.0233	0.2894	0.01	0.0123	0.037	0.0056	0.0337
"A1741"	0.006	0.0139	0.0028	0.0024	0.0074	0.01	0.0099	7e-04	0.035	0.0875	0.0723	0.5246	0.0125	0.0265	0.0438	0.0252	0.1195
"A1748"	0.0066	0.0097	0.0032	0.003	0.0056	0.0045	0.0051	0.0035	0.0186	0.0542	0.0136	0.7914	0.0075	0.0119	0.016	0.007	0.0386
"A1759"	0.0122	0.0555	0.0055	0.0028	0.0109	0.0282	0.0081	0.0045	0.1777	0.0187	0.0457	0.4633	0.0247	0.0594	0.0486	0.0302	0.004
"A1767"	0.0172	0.0073	0.0359	0.0319	0.0093	0.0065	0.0084	0.021	0.0152	0.4462	0.0347	0.2179	0.0164	0.0174	0.0768	0.0087	0.0292
"A1788"	0.0158	0.0282	0.0051	0.0039	0.0083	0.0194	0.0075	0.1132	0.0943	0.0384	0.0594	0.3767	0.024	0.0802	0.09	0.0272	0.0084
"A1815"	0.0157	0.0047	0.0249	0.0225	0.0088	0.0072	0.0081	0.1012	0.0066	0.6105	0.0296	0.0695	0.0101	0.0129	0.0225	0.0054	0.0398
"A1824"	0.0156	0.0039	0.0414	0.0386	0.0109	0.0067	0.0094	0.0063	0.008	0.4529	0.043	0.26	0.0099	0.0118	0.0414	0.0061	0.0341
"A1850"	0.0154	0.0208	0.0105	0.0111	0.0148	0.0264	0.0061	0.0074	0.0948	0.0307	0.0646	0.3327	0.0227	0.0564	0.2369	0.0365	0.0122
"A1859"	0.0168	0.066	0.0053	0.0037	0.0133	0.0505	0.0096	0.0142	0.2635	0.0345	0.0987	0.2423	0.0283	0.0734	0.0427	0.0326	0.0046
"A1861"	0.0082	0.0764	0.0034	0.0032	0.015	0.059	0.0093	0.0043	0.264	0.0199	0.0801	0.2614	0.0369	0.082	0.0358	0.038	0.0031
"A1872"	0.0147	0.1929	0.0059	0.0029	0.0138	0.0308	0.0094	0.0042	0.0572	0.008	0.0139	0.0292	0.0193	0.0331	0.2235	0.0206	0.3206
"A1876"	0.0206	0.0092	0.0236	0.0304	0.0072	0.0075	0.0091	0.0242	0.0112	0.6087	0.0344	0.1248	0.0125	0.01	0.0389	0.0083	0.0194
"A1892"	0.0171	0.0088	0.0199	0.0198	0.0074	0.0068	0.0083	0.0343	0.0125	0.4758	0.0318	0.2109	0.0125	0.0143	0.0405	0.0086	0.0707
"A1905"	0.0066	0.0096	9e-04	0.002	0.0038	0.0073	0.0059	0.0019	0.0164	0.0477	0.0143	0.822	0.0097	0.0109	0.0153	0.0098	0.0159
"A1941"	0.0116	0.0079	0.0128	0.0144	0.0067	0.0057	0.0084	0.0212	0.01	0.571	0.0222	0.2195	0.0086	0.0097	0.0224	0.0077	0.0402
"A1952"	0.0091	0.0069	0.0139	0.0101	0.0065	0.0056	0.0085	0.0063	0.0059	0.568	0.0318	0.1573	0.0108	0.0084	0.0202	0.0053	0.1254
"A1982"	0.0155	0.0692	0.0051	0.0041	0.0135	0.0532	0.0113	0.0101	0.1307	0.0227	0.1651	0.2453	0.0308	0.0968	0.0479	0.0471	0.0316
"A1985"	0.0057	0.0104	0.0019	0.0026	0.0048	0.0073	0.007	0.0026	0.0275	0.0946	0.0288	0.5314	0.0114	0.0149	0.0264	0.0097	0.213
"A1989"	0.0173	0.0078	0.0281	0.0253	0.0139	0.0066	0.0094	0.0056	0.0113	0.5097	0.0283	0.2518	0.0108	0.0132	0.0331	0.0068	0.021
"A2012"	0.0208	0.0084	0.0314	0.0288	0.0089	0.0091	0.0079	0.0491	0.0116	0.3788	0.0333	0.263	0.0134	0.0179	0.0827	0.0079	0.027
"A2051"	0.0069	0.0163	0.0042	0.0028	0.0074	0.0097	0.0083	0.0032	0.0278	0.0827	0.0265	0.3906	0.0149	0.0219	0.0354	0.0131	0.3283
"A2066"	0.0164	0.0071	0.0359	0.0354	0.0086	0.0074	0.0123	0.0103	0.0113	0.6155	0.027	0.1252	0.0119	0.0125	0.0376	0.0072	0.0184
"A2102"	0.0153	0.0061	0.0444	0.0454	0.0089	0.0061	0.0094	0.0226	0.0176	0.3836	0.0257	0.0932	0.01	0.0145	0.0227	0.0081	0.2664
"A2126"	0.0084	0.0108	0.0042	0.0027	0.0051	0.0136	0.0095	0.0018	0.0473	0.0507	0.0372	0.6658	0.014	0.0295	0.0665	0.0136	0.0193
"A2130"	0.0255	0.0114	0.0275	0.0366	0.0108	0.0074	0.0086	0.0779	0.0094	0.4897	0.028	0.1766	0.0129	0.0138	0.0389	0.0083	0.0167
"A2133"	0.0117	0.0725	0.0055	0.0044	0.012	0.0483	0.0079	0.0155	0.2103	0.0163	0.0832	0.3278	0.0258	0.0673	0.0484	0.0338	0.0093
"A2153"	0.0165	0.0435	0.0037	0.0028	0.013	0.0261	0.0084	0.0783	0.1381	0.0161	0.0575	0.1512	0.029	0.1153	0.248	0.048	0.0045
"A2182"	0.0097	0.0723	0.0045	0.0041	0.0124	0.0535	0.012	0.0064	0.2603	0.0332	0.1358	0.2272	0.0148	0.0728	0.0375	0.039	0.0045
"A2187"	0.0159	0.0138	0.0022	0.0036	0.0088	0.014	0.0076	0.1167	0.0343	0.033	0.0284	0.2696	0.0163	0.0354	0.2892	0.0931	0.0181
"A2212"	0.0105	0.091	0.0048	0.0042	0.019	0.0645	0.0084	0.0041	0.2782	0.0119	0.2224	0.1149	0.0267	0.0737	0.0251	0.0369	0.0037
"A2226"	0.0197	0.0098	0.0219	0.0241	0.0106	0.0068	0.0058	0.0692	0.0081	0.5205	0.0295	0.1615	0.0103	0.0112	0.0368	0.0079	0.0463
"A2260"	0.009	0.053	0.0057	0.0038	0.0115	0.0549	0.0088	0.0076	0.3045	0.0227	0.1414	0.1995	0.0163	0.0782	0.0254	0.0472	0.0105
"A2262"	0.0123	0.0085	0.0268	0.0306	0.0073	0.0058	0.0079	0.0078	0.008	0.6234	0.0343	0.1284	0.0097	0.0123	0.0324	0.0081	0.0364
"A2312"	0.0113	0.0578	0.0049	0.0042	0.0111	0.0522	0.009	0.0063	0.2672	0.0164	0.1025	0.2183	0.0484	0.0855	0.0561	0.0398	0.009
"A2345"	0.0276	0.0073	0.0337	0.0348	0.0132	0.0102	0.0083	0.0841	0.0102	0.5155	0.0258	0.1384	0.012	0.0139	0.0376	0.012	0.0154
"A2360"	0.0113	0.0663	0.0045	0.0025	0.0123	0.036	0.0073	0.0055	0.088	0.021	0.0454	0.5448	0.0159	0.058	0.051	0.0263	0.0039
"A2380"	0.0119	0.0073	0.0146	0.0146	0.0071	0.0057	0.009	0.0037	0.009	0.6192	0.0274	0.1561	0.0116	0.0082	0.0225	0.0064	0.0657
"A2399"	0.0166	0.0103	0.0237	0.0211	0.0094	0.0058	0.0104	0.0057	0.0093	0.5825	0.022	0.1663	0.01	0.009	0.0288	0.0075	0.0616
"A2438"	0.0237	0.0087	0.0331	0.0413	0.007	0.0082	0.0115	0.1512	0.0109	0.4164	0.0455	0.1403	0.0087	0.015	0.0473	0.0091	0.0221
"A2447"	0.0081	0.0837	0.0064	0.0044	0.0131	0.0559	0.0086	0.0092	0.1862	0.0128	0.0511	0.4114	0.0175	0.0546	0.0257	0.0479	0.0034
"A2493"	0.0151	0.0532	0.0046	0.0041	0.0121	0.046	0.0097	0.0072	0.1518	0.0192	0.1	0.3138	0.0276	0.0858	0.1108	0.0334	0.0056
"A2496"	0.0308	0.0117	0.0516	0.0327	0.0141	0.0162	0.0075	0.0621	0.0207	0.216	0.0408	0.2302	0.0103	0.0238	0.2061	0.0122	0.0132
"A2509"	0.01	0.0088	0.0142	0.0148	0.0093	0.0093	0.0092	0.0035	0.0112	0.3927	0.0375	0.2261	0.0089	0.0089	0.0265	0.0063	0.2028
"A2527"	0.0215	0.0102	0.0198	0.023	0.0105	0.0089	0.0095	0.0133	0.0102	0.4951	0.0407	0.2233	0.0173	0.0128	0.0367	0.0074	0.0398
"A2532"	0.0128	0.0749	0.0207	0.0172	0.0294	0.1117	0.0147	0.0031	0.0253	0.155	0.2474	0.1618	0.0147	0.0287	0.0244	0.0188	0.0394
"A2546"	0.0414	0.0129	0.037	0.0329	0.0138	0.0168	0.008	0.1041	0.014	0.2262	0.0472	0.238	0.0148	0.02	0.1485	0.0118	0.0126
"A2596"	0.0195	0.0078	0.0265	0.0149	0.0132	0.0056	0.01	0.0345	0.0142	0.4831	0.0322	0.236	0.0091	0.0161	0.0368	0.0087	0.0318
"A2621"	0.0211	0.1094	0.0038	0.0039	0.0109	0.0791	0.0071	0.0135	0.2677	0.0171	0.0641	0.1366	0.0308	0.0939	0.091	0.0451	0.0049
"A2631"	0.0173	0.0081	0.0262	0.0201	0.0089	0.0063	0.0071	0.0394	0.0104	0.6079	0.0349	0.1334	0.0099	0.0124	0.0352	0.0089	0.0136
"A2641"	0.0106	0.0065	0.0175	0.0154	0.01	0.0046	0.0104	0.0044	0.0075	0.5716	0.0203	0.1834	0.0103	0.0112	0.0296	0.0056	0.0811
"A2686"	0.0146	0.0087	0.016	0.0186	0.0077	0.0053	0.008	0.0129	0.0163	0.5651	0.0273	0.1919	0.008	0.0139	0.0303	0.0081	0.0473
"A2735"	0.0204	0.0062	0.0223	0.0274	0.0093	0.0062	0.0077	0.044	0.0094	0.5144	0.0316	0.1557	0.0127	0.0123	0.0385	0.0074	0.0745
"A2747"	0.0185	0.0097	0.0156	0.0159	0.0098	0.0061	0.0097	0.1491	0.0124	0.4505	0.0255	0.1402	0.0156	0.0131	0.051	0.0087	0.0486
"A2763"	0.0142	0.0048	0.0911	0.0624	0.0068	0.0073	0.0075	0.0064	0.0072	0.5682	0.0274	0.1339	0.0073	0.0053	0.0203	0.0054	0.0245
"A2773"	0.0121	0.0086	0.0139	0.0127	0.0065	0.0087	0.0075	0.0089	0.0142	0.5503	0.025	0.2046	0.0126	0.0132	0.022	0.005	0.0742
"A2839"	0.0061	0.0122	0.0029	0.0025	0.0055	0.0082	0.0059	0.0015	0.0244	0.0942	0.0205	0.5219	0.0122	0.0146	0.0354	0.0089	0.2231
"A2856"	0.0158	0.053	0.0048	0.0052	0.0115	0.0344	0.0101	0.0178	0.1128	0.0264	0.1297	0.353	0.0168	0.0751	0.0734	0.0476	0.0126
"A2878"	0.0152	0.0067	0.0438	0.0374	0.0085	0.0078	0.011	0.0057	0.0146	0.6083	0.032	0.106	0.0102	0.01	0.027	0.0056	0.0502
"A2901"	0.0087	0.0218	0.0031	0.0024	0.0072	0.011	0.0092	0.0023	0.0232	0.0836	0.0298	0.429	0.0106	0.0177	0.0341	0.012	0.2943
"A2929"	0.0114	0.0074	0.0224	0.0162	0.0082	0.0073	0.0085	0.003	0.0074	0.5987	0.0292	0.2096	0.0158	0.0113	0.0212	0.0054	0.017
"A2936"	0.0253	0.0082	0.1191	0.0819	0.0073	0.0065	0.0062	0.0148	0.0083	0.4516	0.0186	0.1345	0.0076	0.0079	0.021	0.0057	0.0755
"A2952"	0.0253	0.0104	0.0319	0.0312	0.0085	0.0093	0.011	0.0438	0.0203	0.4229	0.0247	0.2448	0.0113	0.0175	0.0681	0.0066	0.0124
"A2962"	0.0131	0.0078	0.0119	0.0113	0.0066	0.0055	0.0073	0.0905	0.0127	0.5395	0.0239	0.1543	0.0085	0.01	0.0253	0.0097	0.0621
"A2971"	0.0178	0.0596	0.0065	0.0038	0.0096	0.0405	0.0083	0.0131	0.1976	0.021	0.0864	0.3413	0.0264	0.0689	0.049	0.041	0.0092
"A2979"	0.0096	0.0131	0.0025	0.0024	0.0064	0.012	0.0082	0.0037	0.034	0.1015	0.0308	0.4619	0.0125	0.0238	0.0453	0.0126	0.2197
"A2983"	0.0073	0.0149	0.003	0.0021	0.0057	0.0079	0.0053	0.0015	0.0214	0.0812	0.0213	0.5166	0.0127	0.0141	0.0239	0.0099	0.2512
"A3001"	0.0136	0.0339	0.005	0.0038	0.0122	0.0205	0.0075	0.0344	0.1395	0.0316	0.0915	0.411	0.0169	0.0755	0.0516	0.0373	0.0142
"A3002"	0.0159	0.0522	0.0056	0.003	0.0104	0.0512	0.0058	0.0181	0.2006	0.0228	0.0913	0.2641	0.03	0.1115	0.0698	0.0419	0.0058
"A3025"	0.041	0.0216	0.027	0.0228	0.0149	0.0241	0.0141	0.2582	0.0207	0.1496	0.0697	0.1621	0.0168	0.0204	0.107	0.0152	0.0148
"A3036"	0.0111	0.0745	0.0069	0.0055	0.0119	0.0647	0.0101	0.0058	0.1415	0.0214	0.2596	0.1845	0.0255	0.0882	0.0444	0.0329	0.0115
"A3038"	0.0161	0.0172	0.0159	0.016	0.0098	0.0117	0.0123	0.0265	0.0217	0.4649	0.0762	0.1993	0.0158	0.0203	0.0386	0.0162	0.0215
"A3043"	0.0101	0.0079	0.012	0.0124	0.0067	0.0049	0.0084	0.0131	0.008	0.582	0.0243	0.2231	0.008	0.0124	0.0196	0.0071	0.04
"A3064"	0.0216	0.0398	0.005	0.0031	0.0129	0.0304	0.0085	0.0736	0.0929	0.0237	0.0488	0.2395	0.0351	0.1022	0.2304	0.0274	0.0051
"A3078"	0.0125	0.0142	0.0193	0.0176	0.0097	0.0129	0.0155	0.004	0.0164	0.5129	0.0679	0.1754	0.0129	0.0138	0.0186	0.0108	0.0656
"A3092"	0.0187	0.0057	0.0273	0.0314	0.0082	0.0052	0.0084	0.0917	0.0097	0.5676	0.0259	0.0689	0.0101	0.0119	0.0467	0.0075	0.0551
"A3126"	0.0166	0.0066	0.0217	0.023	0.0081	0.0076	0.0064	0.0096	0.007	0.5559	0.0247	0.21	0.012	0.0106	0.033	0.0061	0.0411
"A3139"	0.0156	0.0089	0.0151	0.0211	0.0073	0.0093	0.0079	0.0097	0.0113	0.4837	0.0368	0.2718	0.0134	0.0172	0.0328	0.0078	0.0303
"A3146"	0.0193	0.0083	0.0165	0.0239	0.0098	0.0057	0.0069	0.0794	0.0114	0.5284	0.0217	0.1847	0.0097	0.0118	0.0298	0.0087	0.024
"A3154"	0.0156	0.0061	0.0675	0.0788	0.0058	0.0077	0.0055	0.0058	0.0078	0.4361	0.025	0.0671	0.0088	0.0084	0.0244	0.0058	0.2238
"A3158"	0.0045	0.0111	0.0034	0.0026	0.0038	0.0056	0.007	0.0014	0.0285	0.1045	0.021	0.6575	0.0109	0.0163	0.0235	0.0116	0.0868
"A3218"	0.0154	0.032	0.0062	0.0034	0.0102	0.0309	0.0074	0.3163	0.1575	0.0181	0.0613	0.1098	0.0186	0.1065	0.0695	0.0332	0.0037
"A3221"	0.0554	0.0319	0.0349	0.0459	0.067	0.0416	0.0116	0.0456	0.0135	0.1493	0.0447	0.1173	0.0269	0.0235	0.1371	0.0105	0.1433
"A3228"	0.0184	0.0069	0.0475	0.0342	0.0074	0.0055	0.0078	0.0091	0.0117	0.5336	0.0274	0.1719	0.01	0.0089	0.0242	0.007	0.0685
"A3269"	0.0179	0.0067	0.0192	0.02	0.0068	0.006	0.0111	0.0504	0.0093	0.5118	0.0272	0.2009	0.0096	0.016	0.03	0.0082	0.0489
"A3289"	0.0105	0.0599	0.0043	0.0037	0.0131	0.079	0.0102	0.0057	0.1183	0.0275	0.2405	0.2662	0.0193	0.0656	0.0315	0.031	0.0137
"A3322"	0.0147	0.0072	0.0219	0.02	0.0091	0.0061	0.0061	0.0115	0.0099	0.489	0.0262	0.2831	0.0116	0.0111	0.0305	0.0068	0.0352
"A3326"	0.0114	0.054	0.0049	0.004	0.0158	0.0672	0.0105	0.0226	0.2347	0.0186	0.1807	0.1939	0.0264	0.0784	0.0291	0.0444	0.0034
"A3346"	0.0129	0.0093	0.0231	0.0243	0.0097	0.0092	0.0112	0.0038	0.0143	0.5688	0.0471	0.1806	0.0126	0.0117	0.024	0.007	0.0304
"A3394"	0.0198	0.0058	0.0341	0.0273	0.0082	0.0058	0.0081	0.1226	0.0115	0.5238	0.0267	0.1176	0.0104	0.0154	0.0327	0.0093	0.0209
"A3417"	0.0144	0.0573	0.0059	0.0018	0.0135	0.0519	0.0057	0.0094	0.2235	0.0189	0.0843	0.2544	0.0239	0.1057	0.0802	0.0439	0.0053
"A3431"	0.0111	0.0066	0.0153	0.0148	0.0049	0.0063	0.0058	0.0074	0.0063	0.5977	0.0255	0.1969	0.0095	0.0099	0.0235	0.0038	0.0547
"A3435"	0.0233	0.0067	0.0338	0.0464	0.0087	0.0062	0.0086	0.0792	0.009	0.4848	0.0235	0.152	0.0089	0.0094	0.0383	0.0064	0.0548
"A3441"	0.0069	0.0188	0.0035	0.0035	0.0093	0.0114	0.0045	0.0017	0.01	0.0321	0.0147	0.8184	0.0185	0.0125	0.0135	0.0075	0.0132
"A3476"	0.0092	0.0801	0.0052	0.0023	0.0127	0.0426	0.0099	0.0033	0.3599	0.016	0.0731	0.1394	0.034	0.0843	0.0835	0.0395	0.005
"A3509"	0.0105	0.0097	0.0189	0.0155	0.0103	0.0074	0.0108	0.0043	0.0086	0.6465	0.0326	0.1393	0.0081	0.012	0.0194	0.0053	0.0408
"A3534"	0.0129	0.0101	0.016	0.0159	0.0077	0.0051	0.0091	0.0164	0.01	0.5186	0.0399	0.2444	0.0171	0.0117	0.026	0.0062	0.0329
"A3574"	0.0137	0.0386	0.0049	0.0037	0.0107	0.0264	0.0099	0.0282	0.0964	0.0217	0.0499	0.5423	0.0144	0.0478	0.0587	0.0267	0.006
"A3587"	0.0173	0.0074	0.0227	0.0234	0.0078	0.0057	0.007	0.0293	0.0112	0.5418	0.0253	0.2272	0.0077	0.0122	0.0181	0.0073	0.0286
"A3592"	0.0138	0.0579	0.0067	0.0045	0.015	0.0708	0.0067	0.0246	0.1704	0.0233	0.2046	0.1929	0.028	0.1097	0.0343	0.0322	0.0046
"A3593"	0.0094	0.0713	0.0041	0.0036	0.0128	0.0435	0.0111	0.0035	0.1803	0.0206	0.3225	0.1659	0.0183	0.0667	0.0267	0.0344	0.0053
"A3600"	0.0129	0.006	0.0173	0.018	0.008	0.0038	0.0063	0.0085	0.0088	0.597	0.022	0.1889	0.0077	0.0085	0.0214	0.0053	0.0596
"A3613"	0.0122	0.0758	0.006	0.0044	0.0187	0.077	0.0109	0.0038	0.1555	0.0194	0.1677	0.2478	0.024	0.0917	0.0387	0.0381	0.0083
"A3631"	0.015	0.0087	0.0197	0.0253	0.008	0.0069	0.0057	0.0135	0.0097	0.5269	0.0246	0.1839	0.0113	0.0132	0.0237	0.0088	0.0951
"A3642"	0.0255	0.0101	0.032	0.0289	0.0106	0.0084	0.0084	0.1825	0.0069	0.3673	0.037	0.108	0.0077	0.0144	0.1269	0.0084	0.017
"A3665"	0.0063	0.013	0.0022	0.0021	0.0053	0.007	0.0086	0.0017	0.018	0.0878	0.0277	0.4242	0.0101	0.0152	0.037	0.0107	0.3231
"A3671"	0.0077	0.0189	0.0028	0.002	0.0056	0.0114	0.0066	0.0033	0.0244	0.0859	0.029	0.382	0.0126	0.0191	0.0453	0.0166	0.3268
"A3699"	0.0128	0.0048	0.0388	0.0464	0.0049	0.0054	0.012	0.0134	0.0098	0.6243	0.03	0.1187	0.0083	0.0106	0.0196	0.0077	0.0325
"A3716"	0.0161	0.0116	0.0216	0.0247	0.0098	0.0098	0.0091	0.127	0.0091	0.4696	0.0527	0.1331	0.0088	0.0165	0.0464	0.0117	0.0224
"A3740"	0.0124	0.0073	0.0166	0.0155	0.008	0.0055	0.007	0.1933	0.012	0.4295	0.0271	0.1719	0.0086	0.0107	0.0293	0.0096	0.0357
"A3784"	0.0147	0.0061	0.0237	0.0295	0.0062	0.0056	0.008	0.006	0.0099	0.6537	0.0316	0.1463	0.0062	0.0105	0.0193	0.0057	0.017
"A3790"	0.01	0.0365	0.0031	0.0042	0.01	0.0405	0.0104	0.0275	0.1976	0.0331	0.1442	0.2896	0.0209	0.0869	0.0399	0.0353	0.0103
"A3812"	0.0118	0.1237	0.0046	0.0036	0.0142	0.0597	0.01	0.0034	0.0803	0.0099	0.0184	0.0399	0.0209	0.0375	0.1199	0.0315	0.4107
"A3833"	0.0256	0.0113	0.0341	0.0252	0.0096	0.0092	0.0081	0.051	0.0138	0.4109	0.0363	0.2523	0.0141	0.0138	0.0452	0.0103	0.0292
"A3845"	0.0163	0.0124	0.0331	0.0242	0.0118	0.0099	0.0094	0.0096	0.0156	0.1416	0.0304	0.1281	0.0129	0.0137	0.0266	0.0097	0.4947
"A3856"	0.0184	0.0142	0.0185	0.0185	0.0129	0.0115	0.0149	0.0149	0.0182	0.2804	0.0405	0.1812	0.0136	0.0134	0.126	0.0081	0.1948
"A3878"	0.009	0.0061	0.0172	0.0124	0.0063	0.0051	0.0078	0.0091	0.0105	0.6779	0.0245	0.1221	0.0107	0.0096	0.0211	0.0056	0.045
"A3887"	0.0075	0.0386	0.0044	0.0033	0.0083	0.0305	0.0085	0.0052	0.3307	0.0252	0.1519	0.2115	0.0253	0.0715	0.0309	0.0348	0.0119
"A3910"	0.0157	0.0096	0.0158	0.0125	0.0073	0.0073	0.0085	0.0192	0.0179	0.4649	0.0257	0.2524	0.0119	0.0143	0.0684	0.0113	0.0373
"A3921"	0.0213	0.0572	0.0036	0.0041	0.0123	0.037	0.0087	0.0184	0.2476	0.02	0.0422	0.2462	0.0313	0.0824	0.1347	0.028	0.005
"A3984"	0.0223	0.01	0.0294	0.0228	0.0106	0.0076	0.0096	0.0273	0.0082	0.5529	0.0223	0.1926	0.0122	0.0121	0.03	0.0071	0.023
"A4030"	0.0058	0.0147	0.0028	0.0021	0.0077	0.0084	0.005	0.0023	0.0095	0.0439	0.0216	0.8213	0.0125	0.0124	0.0117	0.0079	0.0104
"A4047"	0.0275	0.0097	0.0332	0.0463	0.0141	0.0097	0.0086	0.0621	0.0118	0.5524	0.0372	0.105	0.0133	0.0135	0.0354	0.0085	0.0117
"A4053"	0.0096	0.0122	0.0021	0.0033	0.0084	0.0093	0.0113	0.0028	0.0514	0.0507	0.0441	0.6747	0.0131	0.0232	0.0506	0.013	0.0202
"A4060"	0.0203	0.0088	0.0338	0.0304	0.0079	0.0079	0.0095	0.0166	0.0125	0.4714	0.0368	0.2289	0.015	0.0132	0.0487	0.0075	0.0308
"A4063"	0.0098	0.0802	0.0044	0.0048	0.0106	0.0287	0.0078	0.0051	0.1788	0.0195	0.1403	0.2255	0.0284	0.1161	0.0889	0.0393	0.0118
"A4080"	0.0117	0.0059	0.0129	0.0167	0.0068	0.006	0.0071	0.1423	0.0085	0.4705	0.0327	0.1569	0.0165	0.0139	0.0438	0.0072	0.0406
"A4086"	0.0076	0.0117	0.0038	0.0046	0.0059	0.0073	0.0075	0.0021	0.0307	0.0699	0.0291	0.7453	0.0087	0.0185	0.0228	0.0107	0.0138
"A4104"	0.0054	0.0169	0.003	0.002	0.0078	0.0098	0.0087	0.0018	0.0297	0.0956	0.0504	0.3872	0.0117	0.0194	0.0383	0.0118	0.3005
"A4108"	0.0206	0.0136	0.0087	0.0093	0.0083	0.0079	0.0097	0.1411	0.015	0.4025	0.0197	0.2462	0.0107	0.0144	0.0418	0.0093	0.0212
"A4155"	0.0126	0.0074	0.0266	0.0157	0.0052	0.0054	0.0074	0.0029	0.0066	0.6302	0.0278	0.182	0.0122	0.0116	0.0183	0.0063	0.0218
"A4167"	0.0093	0.0418	0.004	0.0035	0.0119	0.0463	0.0078	0.0031	0.141	0.0238	0.2404	0.3077	0.0205	0.0634	0.0344	0.0348	0.0063
"A4185"	0.0166	0.0062	0.0237	0.0288	0.008	0.0054	0.0068	0.0517	0.01	0.5992	0.0402	0.1217	0.0118	0.011	0.033	0.008	0.0179
"A4205"	0.0053	0.0097	0.0033	0.0031	0.0031	0.0087	0.0105	0.0019	0.0322	0.1631	0.0441	0.6024	0.0101	0.0178	0.0323	0.0109	0.0415
"A4218"	0.0062	0.0098	0.0034	0.0027	0.0044	0.0076	0.0076	0.0039	0.0302	0.1346	0.0309	0.6777	0.01	0.0221	0.0251	0.0149	0.0089
"A4225"	0.0146	0.0374	0.0037	0.0027	0.0109	0.0289	0.0137	0.0527	0.1319	0.0362	0.0909	0.2888	0.0227	0.0734	0.137	0.0436	0.0109
"A4235"	0.0278	0.0077	0.064	0.0504	0.0093	0.0081	0.0115	0.0307	0.021	0.2786	0.0414	0.2544	0.0089	0.0207	0.1089	0.0086	0.048
"A4242"	0.0133	0.0065	0.0164	0.012	0.0083	0.008	0.0093	0.0071	0.0096	0.6447	0.0244	0.158	0.0104	0.0096	0.0183	0.0055	0.0386
"A4255"	0.0165	0.0104	0.0259	0.0242	0.0081	0.0058	0.0072	0.028	0.0117	0.573	0.0273	0.1626	0.0103	0.0122	0.0223	0.0089	0.0456
"A4276"	0.0057	0.0116	0.0024	0.0015	0.0045	0.0061	0.0044	0.0028	0.0241	0.0284	0.0171	0.8191	0.008	0.0115	0.0255	0.0141	0.0132
"A4283"	0.0161	0.0317	0.0047	0.0042	0.0091	0.0422	0.0124	0.1026	0.1113	0.0226	0.1008	0.2234	0.0227	0.1314	0.1147	0.0452	0.0049
"A4343"	0.0165	0.006	0.0317	0.0309	0.0072	0.0082	0.008	0.0879	0.0143	0.4978	0.0342	0.1651	0.0087	0.0153	0.0401	0.0085	0.0196
"A4344"	0.0062	0.0102	0.003	0.0027	0.0067	0.0069	0.0072	0.0019	0.0216	0.0891	0.0207	0.4317	0.0122	0.0129	0.0299	0.0097	0.3274
"A4364"	0.012	0.0378	0.0044	0.0039	0.011	0.0344	0.0082	0.016	0.1567	0.0243	0.0845	0.4279	0.0206	0.0729	0.0427	0.0369	0.0058
"A4373"	0.0164	0.0426	0.0034	0.0052	0.0093	0.0309	0.0113	0.0348	0.1086	0.0281	0.1339	0.3074	0.023	0.0959	0.1089	0.0357	0.0046
"A4376"	0.0173	0.0089	0.0438	0.0438	0.0098	0.006	0.0101	0.0091	0.0147	0.4848	0.0395	0.1074	0.0085	0.0137	0.0273	0.0087	0.1466
"A4417"	0.0066	0.0097	0.003	0.0021	0.0044	0.0051	0.0058	0.0036	0.027	0.0836	0.023	0.7585	0.0105	0.0122	0.021	0.0109	0.013
"A4420"	0.0301	0.0148	0.0355	0.0399	0.0134	0.0102	0.0106	0.0331	0.0209	0.1512	0.0844	0.0814	0.0093	0.0211	0.3111	0.0125	0.1205
"A4428"	0.0217	0.0074	0.0273	0.0244	0.0098	0.0076	0.0111	0.0903	0.012	0.5097	0.0287	0.1454	0.0123	0.013	0.0522	0.0079	0.0192
"A4431"	0.0115	0.0575	0.0056	0.004	0.0112	0.0417	0.0096	0.0119	0.1957	0.0184	0.0563	0.4158	0.0255	0.0555	0.0404	0.0375	0.0019
"A4435"	0.0213	0.0073	0.0873	0.0637	0.009	0.0067	0.0063	0.0183	0.0089	0.5508	0.0368	0.0961	0.0098	0.0157	0.0269	0.0066	0.0285
"A4436"	0.0147	0.0431	0.0055	0.0039	0.0105	0.0338	0.0106	0.1176	0.1482	0.0324	0.1111	0.2783	0.014	0.0794	0.0487	0.0426	0.0056
"A4486"	0.0131	0.0067	0.0173	0.017	0.0072	0.0038	0.0051	0.0673	0.0118	0.5709	0.0201	0.1586	0.0102	0.012	0.0273	0.0088	0.0428
"A4492"	0.0085	0.007	0.0102	0.0087	0.0069	0.0062	0.0082	0.0044	0.0074	0.5784	0.026	0.2306	0.0082	0.0083	0.0145	0.0053	0.0612
"A4527"	0.0097	0.0048	0.0108	0.0147	0.0078	0.0059	0.0078	0.0024	0.0058	0.5292	0.0228	0.1753	0.0106	0.0061	0.0266	0.0034	0.1563
"A4541"	0.0126	0.056	0.0049	0.004	0.0102	0.0498	0.012	0.0272	0.2088	0.0275	0.0989	0.2655	0.0221	0.0947	0.0592	0.0398	0.0068
"A4553"	0.0062	0.0137	0.0021	0.0037	0.0077	0.0084	0.0089	0.0024	0.0197	0.0768	0.0311	0.6873	0.0142	0.016	0.0467	0.0118	0.0433
"A4556"	0.0163	0.0647	0.0057	0.0034	0.0159	0.0495	0.0077	0.0187	0.1369	0.0152	0.0725	0.4125	0.0206	0.0621	0.0587	0.0357	0.0039
"A4568"	0.01	0.0558	0.0062	0.0043	0.0125	0.026	0.0084	0.0044	0.2748	0.0186	0.0597	0.1359	0.0277	0.0975	0.1998	0.0544	0.004
"A4572"	0.0146	0.0062	0.0129	0.0179	0.0053	0.0079	0.0083	0.1334	0.016	0.4037	0.0299	0.2477	0.0134	0.0152	0.0377	0.0089	0.021
"A4587"	0.0166	0.0694	0.0047	0.0042	0.0111	0.0318	0.0069	0.0531	0.1127	0.0224	0.0459	0.4441	0.0135	0.059	0.0547	0.0424	0.0075
"A4624"	0.0189	0.0543	0.005	0.0027	0.0128	0.0426	0.0095	0.1168	0.104	0.0249	0.0558	0.3405	0.0173	0.0747	0.0746	0.0361	0.0095
"A4644"	0.0163	0.0104	0.0227	0.0233	0.0078	0.0097	0.0097	0.0203	0.0116	0.5523	0.0376	0.1698	0.0106	0.0122	0.03	0.0072	0.0485
"A4651"	0.0066	0.0123	0.0028	0.0026	0.0056	0.0094	0.0074	0.0058	0.028	0.0221	0.0149	0.7949	0.0123	0.0192	0.0327	0.0127	0.0107
"A4670"	0.0227	0.0093	0.067	0.0438	0.0157	0.0137	0.0067	0.0051	0.015	0.335	0.0385	0.2101	0.0114	0.0119	0.113	0.0073	0.0738
"A4676"	0.0259	0.0087	0.0188	0.0275	0.0072	0.0064	0.0094	0.0366	0.0138	0.1958	0.0261	0.0839	0.0155	0.0189	0.0424	0.0117	0.4514
"A4699"	0.0144	0.0079	0.0133	0.0112	0.0057	0.0068	0.0092	0.0891	0.011	0.4973	0.0317	0.2133	0.0127	0.0165	0.0353	0.0081	0.0165
"A4729"	0.0125	0.0593	0.0046	0.0037	0.01	0.0334	0.0111	0.0048	0.2583	0.0242	0.1215	0.3	0.0218	0.0649	0.0253	0.0372	0.0074
"A4743"	0.0087	0.0069	0.0162	0.016	0.0084	0.0053	0.0082	0.0024	0.0087	0.6247	0.0224	0.2047	0.0111	0.0098	0.0171	0.0066	0.0228
"A4760"	0.0176	0.0075	0.0147	0.0202	0.0115	0.0072	0.0088	0.0089	0.0098	0.538	0.0545	0.1903	0.0089	0.0111	0.0264	0.0072	0.0574
"A4765"	0.0293	0.0217	0.0366	0.0422	0.0211	0.0225	0.0103	0.0207	0.015	0.2075	0.0627	0.2346	0.025	0.0256	0.0867	0.0106	0.1279
"A4779"	0.0166	0.0365	0.0046	0.0027	0.0118	0.0268	0.0089	0.0285	0.2454	0.028	0.0729	0.2284	0.0245	0.087	0.1244	0.0463	0.0067
"A4793"	0.0218	0.0064	0.0338	0.0351	0.0093	0.0068	0.008	0.0999	0.0115	0.4851	0.0286	0.1487	0.0114	0.0126	0.0388	0.0103	0.0319
"A4849"	0.0175	0.0048	0.0839	0.0698	0.007	0.0043	0.0086	0.0069	0.0068	0.5772	0.0386	0.0976	0.007	0.009	0.0286	0.006	0.0264
"A4854"	0.0244	0.0135	0.0344	0.0387	0.01	0.0087	0.0095	0.0207	0.0139	0.5224	0.0271	0.1756	0.0106	0.0142	0.0327	0.0113	0.0323
"A4877"	0.0117	0.0582	0.006	0.0045	0.0115	0.061	0.0103	0.0161	0.2018	0.0221	0.1597	0.1719	0.0264	0.1165	0.0727	0.0392	0.0104
"A4918"	0.0107	0.008	0.0078	0.0072	0.0059	0.0061	0.0099	0.0036	0.0075	0.5511	0.0338	0.2587	0.0143	0.0101	0.0316	0.0069	0.0268
"A4923"	0.0218	0.008	0.0144	0.0171	0.0089	0.0084	0.0079	0.0577	0.0099	0.5299	0.0291	0.1625	0.0133	0.0138	0.0343	0.0077	0.0553
"A4989"	0.0114	0.0252	0.0052	0.0035	0.0086	0.0237	0.0089	0.0202	0.1478	0.0234	0.0359	0.4843	0.0167	0.0619	0.0758	0.0414	0.0061
"A4998"	0.0182	0.0047	0.0186	0.0246	0.0086	0.0053	0.0103	0.1518	0.0085	0.5147	0.0453	0.0891	0.0086	0.0114	0.0284	0.0075	0.0444
"A5004"	0.028	0.0076	0.0389	0.0449	0.0108	0.007	0.0111	0.0676	0.0123	0.4248	0.0426	0.1532	0.0077	0.016	0.0708	0.0083	0.0484
"A5026"	0.0174	0.0094	0.0243	0.0197	0.0095	0.007	0.0087	0.0246	0.0116	0.5462	0.0236	0.2081	0.0153	0.0104	0.0293	0.0095	0.0254
"A5049"	0.0165	0.0839	0.0041	0.0035	0.0126	0.0453	0.009	0.0074	0.1423	0.0266	0.0641	0.3738	0.0201	0.069	0.0774	0.0363	0.0081
"A5081"	0.017	0.0079	0.021	0.0181	0.0087	0.0082	0.0072	0.0336	0.0101	0.5747	0.043	0.1667	0.0088	0.0149	0.0305	0.0101	0.0195
"A5090"	0.0168	0.0071	0.0196	0.0267	0.009	0.0075	0.0073	0.0121	0.0102	0.5927	0.0266	0.1698	0.0094	0.0118	0.0228	0.0071	0.0435
"A5132"	0.0102	0.0057	0.0208	0.0276	0.0057	0.0039	0.0063	0.0033	0.0079	0.67	0.0294	0.1037	0.0076	0.0081	0.017	0.0047	0.0681
"A5150"	0.0116	0.0323	0.0057	0.0046	0.0087	0.0326	0.0084	0.0088	0.2408	0.0231	0.128	0.2863	0.0304	0.089	0.0431	0.0395	0.0071
"A5159"	0.0047	0.0126	0.003	0.0021	0.0053	0.0073	0.0063	0.0037	0.0251	0.1328	0.0247	0.686	0.0099	0.0134	0.0191	0.009	0.035
"A5160"	0.0168	0.0067	0.0176	0.0159	0.0106	0.0056	0.0076	0.0079	0.0122	0.4776	0.0238	0.3083	0.0092	0.0091	0.0349	0.0072	0.029
"A5182"	0.01	0.0457	0.0055	0.0023	0.0103	0.0225	0.0098	0.0053	0.1416	0.0244	0.1582	0.395	0.0276	0.0646	0.0368	0.0335	0.0069
"A5185"	0.0361	0.0097	0.0417	0.0477	0.0078	0.0056	0.0097	0.1538	0.0157	0.2463	0.0538	0.1915	0.0118	0.0205	0.0978	0.0109	0.0396
"A5199"	0.0064	0.0112	0.0024	0.0022	0.0038	0.0065	0.0081	0.0029	0.0229	0.1495	0.0311	0.6811	0.0103	0.0125	0.0263	0.0093	0.0135
"A5209"	0.0105	0.0131	0.0053	0.002	0.0078	0.0112	0.0062	0.0047	0.0556	0.0548	0.0304	0.6987	0.0124	0.0216	0.0413	0.0168	0.0076
"A5249"	0.0161	0.0313	0.0041	0.005	0.0155	0.0236	0.0145	0.1885	0.0632	0.0376	0.0534	0.2974	0.0231	0.0538	0.1331	0.025	0.0148
"A5255"	0.0342	0.0073	0.0786	0.0617	0.0087	0.0073	0.01	0.0977	0.0068	0.3828	0.0251	0.1884	0.01	0.0091	0.0222	0.0055	0.0446
"A5265"	0.0162	0.007	0.0293	0.0287	0.0085	0.0068	0.0091	0.0381	0.0151	0.606	0.0361	0.1011	0.008	0.0162	0.0315	0.0113	0.031
"A5277"	0.0213	0.0096	0.0254	0.02	0.0095	0.0103	0.0073	0.0499	0.0184	0.2863	0.0428	0.23	0.0137	0.0205	0.2072	0.0131	0.0147
"A5300"	0.0339	0.0105	0.1194	0.0599	0.0119	0.0088	0.011	0.0322	0.0111	0.2649	0.0389	0.1293	0.0136	0.0121	0.1191	0.0067	0.1167
"A5319"	0.0117	0.4856	0.0038	0.0026	0.017	0.0525	0.0098	0.0026	0.0687	0.0077	0.024	0.026	0.0203	0.0562	0.158	0.0527	8e-04
"A5327"	0.0112	0.0091	0.0299	0.0283	0.0064	0.0047	0.0055	0.003	0.0086	0.5458	0.045	0.2146	0.0104	0.0091	0.0244	0.0036	0.0404
"A5344"	0.0053	0.0039	0.0084	0.007	0.0056	0.003	0.0059	0.0017	0.0079	0.6939	0.0276	0.1126	0.0054	0.006	0.0095	0.0046	0.0917
"A5347"	0.0059	0.0089	0.0028	0.0026	0.0062	0.0067	0.0065	0.0027	0.0328	0.0495	0.0277	0.7745	0.011	0.015	0.0281	0.0112	0.0079
"A5361"	0.0322	0.0168	0.0446	0.0272	0.0123	0.013	0.0105	0.0183	0.021	0.2262	0.07	0.2849	0.0163	0.0218	0.0841	0.0117	0.0891
"A5364"	0.0075	0.0283	0.0054	0.003	0.0095	0.0388	0.0124	0.0047	0.2658	0.0269	0.2902	0.1434	0.0279	0.064	0.0273	0.0302	0.0147
"A5372"	0.0129	0.009	0.0228	0.0155	0.009	0.0085	0.0058	0.0071	0.0091	0.6476	0.0337	0.1322	0.012	0.0108	0.0245	0.0056	0.0339
"A5377"	0.0055	0.0126	0.0025	0.002	0.0067	0.0074	0.0053	0.0012	0.0109	0.0658	0.0151	0.796	0.0143	0.0131	0.0221	0.0081	0.0114
"A5383"	0.0264	0.0038	0.0862	0.0753	0.0072	0.009	0.0075	0.0279	0.0078	0.5392	0.0232	0.1181	0.0096	0.0093	0.0304	0.0057	0.0134
"A5424"	0.0109	0.1052	0.0049	0.0045	0.017	0.0571	0.0113	0.0049	0.2109	0.0216	0.1154	0.2308	0.021	0.0768	0.0685	0.0352	0.004
"A5433"	0.0117	0.0565	0.0062	0.0053	0.0151	0.0429	0.0164	0.0094	0.1321	0.0483	0.085	0.34	0.0178	0.0641	0.1052	0.03	0.014
"A5438"	0.0133	0.0073	0.0327	0.0318	0.0094	0.0077	0.0092	0.0331	0.0113	0.6201	0.0232	0.1217	0.0112	0.0134	0.027	0.0099	0.0177
"A5447"	0.0121	0.0092	0.027	0.0251	0.0067	0.0056	0.008	0.0118	0.0138	0.3519	0.0313	0.2103	0.0092	0.0127	0.0219	0.008	0.2354
"A5467"	0.0239	0.0083	0.0293	0.0299	0.0099	0.0093	0.0119	0.0954	0.0135	0.4748	0.0346	0.1275	0.0114	0.0175	0.0727	0.0071	0.023
"A5477"	0.0185	0.0095	0.0217	0.0184	0.0108	0.0082	0.0073	0.0091	0.0095	0.5786	0.0211	0.1917	0.0137	0.0096	0.0332	0.0062	0.0329
"A5513"	0.0124	0.0155	0.0059	0.0055	0.0121	0.0119	0.0051	0.0028	0.0155	0.0339	0.0253	0.7923	0.0145	0.0119	0.0177	0.0059	0.0118
"A5557"	0.0154	0.0045	0.0256	0.02	0.008	0.0043	0.0065	0.109	0.0095	0.5471	0.0233	0.1211	0.0078	0.0107	0.0339	0.0056	0.0477
"A5573"	0.0112	0.0105	0.0124	0.0081	0.0086	0.0072	0.0078	0.005	0.0086	0.5823	0.0305	0.2355	0.0118	0.0122	0.0266	0.0067	0.015
"A5602"	0.0086	0.0116	0.0034	0.0038	0.0063	0.0115	0.0056	0.0038	0.0938	0.0383	0.0418	0.6159	0.0133	0.0291	0.0824	0.0183	0.0125
"A5610"	0.0112	0.0325	0.0048	0.0029	0.0096	0.0239	0.008	0.0297	0.2388	0.0324	0.1514	0.2837	0.0144	0.0822	0.0318	0.037	0.0057
"A5645"	0.015	0.0943	0.0035	0.0029	0.0112	0.0366	0.0086	0.0062	0.135	0.0162	0.0352	0.4759	0.0233	0.0528	0.047	0.034	0.0023
"A5668"	0.0259	0.0093	0.0282	0.0311	0.0085	0.0055	0.0089	0.0263	0.0142	0.5377	0.0352	0.1826	0.0126	0.0149	0.0249	0.009	0.0252
"A5687"	0.0206	0.0092	0.0322	0.0219	0.012	0.0094	0.0096	0.2214	0.0132	0.2028	0.0334	0.1523	0.0091	0.0212	0.2033	0.0089	0.0195
"A5704"	0.009	0.0047	0.0207	0.0228	0.006	0.0032	0.006	0.004	0.0064	0.6808	0.0254	0.1151	0.0077	0.0071	0.0213	0.0036	0.0562
"A5711"	0.0088	0.0086	0.0207	0.0177	0.0059	0.0086	0.0101	0.003	0.0142	0.6153	0.0447	0.1387	0.0089	0.0119	0.0186	0.008	0.0563
"A5735"	0.0187	0.0981	0.0053	0.0036	0.0167	0.0773	0.0094	0.0113	0.1615	0.019	0.078	0.0865	0.0256	0.0622	0.0499	0.0395	0.2374
"A5767"	0.0146	0.0071	0.0308	0.0268	0.0095	0.0077	0.0083	0.005	0.0118	0.5526	0.0244	0.1998	0.0118	0.0136	0.0339	0.0084	0.0339
"A5771"	0.0124	0.0526	0.0064	0.0038	0.0114	0.0579	0.0091	0.0094	0.2345	0.0208	0.1147	0.2337	0.04	0.0976	0.0472	0.041	0.0075
"A5784"	0.024	0.0083	0.0215	0.0181	0.0099	0.0076	0.0075	0.1193	0.012	0.3691	0.039	0.2015	0.0114	0.0173	0.103	0.0135	0.017
"A5788"	0.0057	0.0118	0.0034	0.0017	0.0048	0.006	0.0061	0.0014	0.0317	0.1399	0.0257	0.6754	0.0119	0.0135	0.0182	0.0081	0.0347
"A5828"	0.0087	0.0147	0.0032	0.003	0.0056	0.0102	0.0068	0.0018	0.0311	0.1079	0.0285	0.7009	0.0109	0.0166	0.0277	0.0093	0.0131
"A5832"	0.0138	0.0056	0.0139	0.0166	0.0097	0.0068	0.0056	0.0382	0.0133	0.6086	0.0279	0.1668	0.0114	0.0125	0.0237	0.0065	0.0191
"A5847"	0.0192	0.0539	0.0042	0.0043	0.0154	0.0308	0.0059	0.0623	0.082	0.0176	0.0409	0.4402	0.0302	0.0552	0.0934	0.0386	0.0059
"A5858"	0.0098	0.0448	0.0051	0.0037	0.0126	0.0369	0.0058	0.0038	0.1557	0.0299	0.2119	0.3504	0.0151	0.0589	0.0197	0.0261	0.0098
"A5859"	0.0058	0.0129	0.003	0.0024	0.0068	0.0086	0.0083	0.0013	0.0357	0.0582	0.0332	0.7279	0.0159	0.0186	0.0403	0.0119	0.0092
"A5911"	0.0183	0.0059	0.0214	0.017	0.0049	0.0042	0.009	0.1355	0.0112	0.4303	0.0234	0.2174	0.0086	0.0131	0.0327	0.0081	0.039
"A5929"	0.0176	0.0066	0.0217	0.0278	0.0111	0.0066	0.0065	0.0255	0.012	0.5103	0.0282	0.1875	0.0107	0.0166	0.0406	0.0081	0.0626
"A5941"	0.0348	0.0063	0.1083	0.0902	0.0087	0.0065	0.0067	0.0706	0.0088	0.428	0.0247	0.1233	0.006	0.0098	0.022	0.0071	0.0382
"A5973"	0.0109	0.0061	0.0209	0.0221	0.0063	0.0058	0.0082	0.0028	0.0085	0.5816	0.0231	0.1828	0.0076	0.01	0.018	0.0046	0.0807
"A5979"	0.0138	0.0282	0.0039	0.0044	0.0109	0.021	0.0073	0.036	0.1209	0.0252	0.0455	0.3053	0.0212	0.0839	0.2331	0.0312	0.0082
"A5981"	0.006	0.0127	0.0015	0.002	0.0062	0.0094	0.006	0.0015	0.0259	0.0929	0.0375	0.6057	0.0093	0.014	0.0311	0.0142	0.1241
"A5987"	0.0109	0.042	0.0065	0.0041	0.013	0.0446	0.0081	0.0181	0.246	0.0287	0.1666	0.1033	0.0298	0.1167	0.1046	0.0531	0.0039
"A5994"	0.0142	0.0666	0.0068	0.004	0.0138	0.0549	0.0116	0.0251	0.1792	0.0303	0.1277	0.2263	0.0274	0.1012	0.0586	0.0372	0.0151
"A6038"	0.0155	0.0099	0.0184	0.0176	0.0113	0.0036	0.0074	0.0467	0.009	0.535	0.0204	0.2201	0.0105	0.0105	0.023	0.0089	0.0322
"A6047"	0.0188	0.0085	0.0222	0.0226	0.0068	0.0066	0.0064	0.1078	0.0139	0.5645	0.0363	0.1111	0.0102	0.0104	0.0273	0.008	0.0186
"A6058"	0.0197	0.0098	0.0168	0.0204	0.0089	0.0096	0.0087	0.0916	0.0127	0.4774	0.0393	0.1434	0.0154	0.0148	0.0497	0.0107	0.0511
"A6102"	0.0082	0.0137	0.0022	0.0012	0.005	0.0067	0.0072	0.0041	0.0248	0.0666	0.022	0.4062	0.009	0.0119	0.0256	0.0105	0.3751
"A6106"	0.0076	0.0062	0.0168	0.0169	0.0077	0.005	0.0076	0.0037	0.008	0.6629	0.0224	0.1156	0.0061	0.0084	0.0188	0.0049	0.0814
"A6114"	0.0165	0.0419	0.0061	0.0047	0.013	0.0364	0.0093	0.0373	0.1163	0.0297	0.1674	0.2975	0.0232	0.0866	0.0538	0.0329	0.0274
"A6118"	0.0196	0.0076	0.0219	0.0163	0.0054	0.0104	0.0095	0.2265	0.0141	0.2998	0.023	0.1929	0.0088	0.0132	0.0865	0.0094	0.0351
"A6134"	0.0336	0.0179	0.0231	0.0291	0.011	0.0122	0.0098	0.0322	0.017	0.4449	0.02	0.1997	0.0209	0.0179	0.0336	0.0111	0.066
"A6166"	0.0381	0.0125	0.0467	0.0555	0.0115	0.0096	0.0087	0.0855	0.0102	0.361	0.0295	0.1146	0.0111	0.0136	0.1693	0.009	0.0136
"A6193"	0.0154	0.0055	0.0143	0.0135	0.0051	0.0056	0.0078	0.0139	0.0074	0.5552	0.0252	0.184	0.0084	0.0095	0.03	0.0061	0.0931
"A6241"	0.0092	0.0087	0.0173	0.0135	0.0062	0.0064	0.0082	0.0028	0.0124	0.6566	0.0348	0.1485	0.0114	0.0105	0.022	0.0061	0.0254
"A6251"	0.0139	0.0062	0.0162	0.0215	0.0071	0.0078	0.007	0.044	0.0123	0.6557	0.0264	0.1168	0.0101	0.0133	0.022	0.0074	0.0123
"A6258"	0.0214	0.0098	0.0175	0.0199	0.009	0.0094	0.0105	0.0887	0.0146	0.4496	0.0321	0.2082	0.0101	0.0144	0.0537	0.0084	0.0227
"A6271"	0.0103	0.0096	0.0131	0.0162	0.0094	0.0066	0.0088	0.0022	0.0098	0.501	0.0317	0.266	0.0102	0.0095	0.0224	0.0074	0.0658
"A6299"	0.0274	0.0104	0.0606	0.0372	0.0106	0.0086	0.0088	0.0236	0.0123	0.3004	0.0298	0.2145	0.0085	0.0136	0.1758	0.006	0.0519
"A6325"	0.0163	0.0089	0.024	0.0253	0.0072	0.0074	0.0092	0.0128	0.008	0.6306	0.0452	0.101	0.0094	0.0141	0.0369	0.0063	0.0374
"A6345"	0.0071	0.0136	0.0035	0.0028	0.0066	0.0102	0.0081	0.0027	0.0479	0.0598	0.0387	0.6864	0.0146	0.0221	0.0478	0.0153	0.0128
"A6365"	0.0149	0.0046	0.0276	0.0298	0.0079	0.0062	0.006	0.0042	0.0083	0.598	0.021	0.165	0.0068	0.0108	0.0295	0.0041	0.0553
"A6395"	0.0173	0.0075	0.0162	0.0128	0.0061	0.0062	0.0075	0.0426	0.0176	0.4329	0.0336	0.2694	0.0117	0.0162	0.0296	0.0104	0.0624
"A6421"	0.0197	0.0115	0.0209	0.0242	0.0082	0.0084	0.008	0.1351	0.0176	0.3098	0.0574	0.2662	0.0099	0.0182	0.0558	0.0172	0.0119
"A6426"	0.0104	0.0432	0.0035	0.004	0.0094	0.0413	0.0085	0.0264	0.2033	0.0266	0.1095	0.3077	0.0253	0.0909	0.0381	0.0481	0.0038
"A6446"	0.0117	0.0109	0.0243	0.0223	0.0095	0.0075	0.0105	0.0051	0.0144	0.4978	0.0317	0.1741	0.0118	0.0148	0.0226	0.0117	0.1193
"A6465"	0.0136	0.0457	0.0058	0.0043	0.0093	0.0518	0.0087	0.0036	0.2163	0.0291	0.1356	0.1818	0.0233	0.0635	0.0509	0.0306	0.1261
"A6478"	0.0237	0.0122	0.0301	0.0293	0.0126	0.0064	0.0088	0.079	0.0117	0.5115	0.0327	0.1532	0.0089	0.0141	0.0297	0.0093	0.0268
"A6495"	0.0098	0.0063	0.0218	0.0246	0.0074	0.0051	0.0082	0.0025	0.0077	0.5769	0.0316	0.0898	0.0084	0.0084	0.0194	0.005	0.1671
"A6500"	0.0173	0.0133	0.0184	0.0134	0.0077	0.0159	0.0089	0.0395	0.0163	0.3489	0.0409	0.2945	0.0132	0.0182	0.1019	0.0122	0.0195
"A6516"	0.0167	0.027	0.0039	0.004	0.0077	0.0219	0.0073	0.4148	0.0898	0.0215	0.0322	0.1295	0.0251	0.0569	0.1145	0.0223	0.0049
"A6522"	0.0119	0.0086	0.0165	0.0168	0.0065	0.0055	0.0087	0.0542	0.0111	0.6232	0.0333	0.0811	0.0066	0.0158	0.0378	0.0092	0.0532
"A6571"	0.0086	0.0116	0.0026	0.0018	0.0083	0.0083	0.0068	0.0041	0.0296	0.0582	0.0195	0.4136	0.0113	0.0166	0.0377	0.0142	0.3472
"A6572"	0.0057	0.0088	0.0023	0.0025	0.0059	0.0072	0.0058	0.0027	0.0311	0.0322	0.0185	0.8007	0.0074	0.0159	0.0258	0.0163	0.0112
"A6576"	0.009	0.0072	0.0164	0.0156	0.0075	0.0099	0.007	0.0022	0.0113	0.5309	0.0469	0.1911	0.0077	0.011	0.0188	0.0096	0.0979
"A6578"	0.0101	0.0563	0.0049	0.0035	0.0121	0.039	0.0101	0.0098	0.2511	0.0277	0.0806	0.255	0.0228	0.0905	0.078	0.0424	0.0061
"A6604"	0.0115	0.057	0.0052	0.0038	0.0115	0.0627	0.0084	0.0051	0.1567	0.0263	0.17	0.2989	0.0262	0.081	0.0378	0.0302	0.0077
"A6615"	0.0085	0.0071	0.0114	0.0113	0.0066	0.0057	0.0096	0.0037	0.0056	0.5081	0.0288	0.2925	0.0064	0.0091	0.0268	0.0049	0.0539
"A6641"	0.0147	0.0066	0.0157	0.0166	0.0106	0.0053	0.0098	0.017	0.0089	0.4819	0.0228	0.1876	0.012	0.0108	0.0317	0.0076	0.1404
"A6661"	0.0212	0.013	0.0121	0.0128	0.0063	0.0125	0.0087	0.1431	0.0165	0.3074	0.027	0.2964	0.0151	0.0215	0.0575	0.0117	0.0172
"A6668"	0.0056	0.0071	0.0012	9e-04	0.0053	0.0069	0.0058	0.002	0.0143	0.1117	0.016	0.6907	0.0088	0.0126	0.0357	0.0076	0.0678
"A6670"	0.015	0.0081	0.0288	0.0307	0.0095	0.0057	0.0075	0.0061	0.0088	0.4371	0.0321	0.0996	0.0102	0.0098	0.0219	0.0065	0.2626
"A6678"	0.0103	0.0083	0.0202	0.0199	0.009	0.0066	0.0076	0.0075	0.0082	0.5897	0.0274	0.1866	0.0104	0.0099	0.0339	0.0066	0.0379
"A6681"	0.0133	0.0526	0.0045	0.0032	0.013	0.0385	0.0113	0.0081	0.104	0.0287	0.0877	0.4452	0.0199	0.0558	0.0646	0.0442	0.0054
"A6706"	0.0329	0.0091	0.053	0.0348	0.0145	0.0129	0.0064	0.0926	0.0081	0.3272	0.0324	0.1569	0.0109	0.0136	0.1713	0.0079	0.0155
"A6707"	0.0081	0.1033	0.005	0.0036	0.011	0.0404	0.0071	0.0048	0.2417	0.0138	0.0645	0.3736	0.0103	0.0422	0.0274	0.0398	0.0034
"A6743"	0.02	0.0091	0.0178	0.0252	0.0102	0.0067	0.0078	0.0327	0.0089	0.5717	0.0185	0.1955	0.0096	0.013	0.033	0.0063	0.014
"A6763"	0.0162	0.0083	0.0388	0.0381	0.0104	0.0066	0.0069	0.0124	0.0087	0.4934	0.0294	0.2061	0.0104	0.0113	0.0433	0.006	0.0537
"A6769"	0.0133	0.0054	0.0138	0.0146	0.0071	0.0073	0.007	0.1049	0.0143	0.5284	0.0324	0.1611	0.0118	0.0118	0.0311	0.0095	0.0262
"A6792"	0.0147	0.0351	0.0062	0.0029	0.0134	0.0438	0.0076	0.1661	0.1304	0.0136	0.1124	0.1501	0.0333	0.1407	0.0879	0.0394	0.0024
"A6810"	0.0169	0.0071	0.0291	0.0237	0.008	0.0084	0.0081	0.0098	0.0102	0.58	0.028	0.1596	0.0098	0.0108	0.0407	0.0054	0.0444
"A6817"	0.0062	0.0126	0.0036	0.0021	0.0034	0.0081	0.01	0.0036	0.0265	0.0765	0.0452	0.7114	0.0112	0.0209	0.0311	0.0112	0.0164
"A6845"	0.0099	0.005	0.0124	0.0138	0.0052	0.0038	0.0077	0.2714	0.0084	0.4845	0.0214	0.0892	0.0096	0.0096	0.0259	0.0059	0.0163
"A6868"	0.0161	0.0087	0.024	0.0231	0.008	0.0072	0.006	0.0046	0.013	0.5463	0.0321	0.2166	0.0128	0.0122	0.0206	0.0083	0.0404
"A6871"	0.0166	0.186	0.0043	0.0037	0.0086	0.035	0.005	0.0054	0.2789	0.0119	0.023	0.1925	0.0206	0.045	0.1213	0.0396	0.0026
"A6884"	0.0227	0.0154	0.044	0.046	0.0106	0.0132	0.0105	0.0304	0.0197	0.3244	0.0759	0.2286	0.0127	0.0183	0.0852	0.0106	0.0318
"A6887"	0.0107	0.065	0.0035	0.0032	0.0124	0.0518	0.0087	0.0032	0.261	0.0197	0.2533	0.1677	0.0212	0.061	0.0184	0.0362	0.003
"A6900"	0.0155	0.0064	0.0257	0.0316	0.0086	0.0063	0.0089	0.0194	0.0088	0.4951	0.0243	0.1006	0.0109	0.0107	0.02	0.0053	0.2019
"A6908"	0.0077	0.0139	0.0031	0.0033	0.0064	0.0085	0.0082	0.0026	0.0202	0.0912	0.0198	0.3661	0.0117	0.016	0.0416	0.0097	0.37
"A6919"	0.0125	0.0592	0.0066	0.0049	0.0126	0.043	0.0078	0.0137	0.2245	0.0168	0.2315	0.1619	0.0176	0.0901	0.0447	0.0412	0.0114
"A6945"	0.0142	0.0058	0.0144	0.0127	0.0077	0.0073	0.006	0.1443	0.0156	0.4068	0.0346	0.2341	0.0075	0.0135	0.0335	0.007	0.035
"A6961"	0.006	0.0089	0.0021	0.0027	0.0059	0.0082	0.0055	0.0049	0.0356	0.0471	0.0194	0.7471	0.0134	0.0187	0.0501	0.0092	0.0152
"A6969"	0.0396	0.0136	0.057	0.05	0.0202	0.008	0.0093	0.1428	0.0119	0.2262	0.0325	0.1326	0.0099	0.0158	0.1956	0.0087	0.0263
"A6974"	0.0068	0.0126	0.003	0.0024	0.0078	0.0097	0.0075	0.0022	0.0373	0.0727	0.0355	0.7073	0.0121	0.017	0.0277	0.0149	0.0235
"A6980"	0.0079	0.0059	0.0146	0.0117	0.0075	0.0054	0.0078	0.0019	0.0064	0.647	0.0265	0.1939	0.0081	0.0085	0.0188	0.0065	0.0216
"A6988"	0.0149	0.0044	0.0189	0.0204	0.0048	0.0055	0.0056	0.3244	0.0059	0.4067	0.0234	0.0883	0.0075	0.011	0.0263	0.007	0.025
"A7011"	0.0168	0.0074	0.041	0.0455	0.011	0.0071	0.0073	0.0436	0.0122	0.5245	0.0261	0.0902	0.009	0.0133	0.0223	0.0061	0.1166
"A7025"	0.009	0.0145	0.0034	0.0025	0.0048	0.0087	0.0058	0.0041	0.0309	0.0427	0.0185	0.5687	0.012	0.0129	0.0352	0.0126	0.2137
"A7034"	0.0164	0.1461	0.0053	0.0026	0.0224	0.204	0.0111	0.0031	0.07	0.0128	0.028	0.0297	0.0215	0.0525	0.3197	0.0536	0.0012
"A7086"	0.0186	0.0115	0.0184	0.0157	0.007	0.0074	0.0076	0.0291	0.0121	0.4566	0.0238	0.264	0.0145	0.012	0.0378	0.0053	0.0586
"A7101"	0.017	0.0066	0.0236	0.0234	0.0073	0.0063	0.0057	0.1881	0.0102	0.5021	0.0273	0.0927	0.0095	0.0132	0.0309	0.0065	0.0296
"A7111"	0.0201	0.01	0.0387	0.0376	0.0147	0.0076	0.0078	0.0525	0.016	0.5239	0.0264	0.134	0.0145	0.0144	0.0292	0.0076	0.045
"A7124"	0.0183	0.0506	0.004	0.0025	0.012	0.0412	0.0117	0.0668	0.1077	0.0306	0.0742	0.2675	0.0258	0.0794	0.1485	0.0361	0.0231
"A7142"	0.0108	0.0561	0.0067	0.0032	0.014	0.0518	0.012	0.0053	0.1737	0.0246	0.1841	0.0866	0.0258	0.0711	0.032	0.0246	0.2176
"A7144"	0.0102	0.005	0.0347	0.0293	0.0092	0.0054	0.0068	0.0082	0.0081	0.5688	0.0248	0.1677	0.0077	0.0081	0.028	0.0054	0.0726
"A7153"	0.0178	0.0381	0.0047	0.0036	0.0096	0.0306	0.0073	0.3255	0.1129	0.0173	0.0602	0.154	0.0197	0.097	0.0705	0.0265	0.0047
"A7223"	0.0134	0.2784	0.0056	0.0041	0.0254	0.3349	0.0152	0.002	0.0651	0.0085	0.0468	0.0243	0.0185	0.0585	0.0494	0.0481	0.0018
"A7240"	0.0099	0.0044	0.0281	0.0334	0.0069	0.0039	0.0073	0.0032	0.0056	0.6767	0.0221	0.087	0.0085	0.0075	0.019	0.0042	0.0723
"A7266"	0.0102	0.0065	0.016	0.0167	0.0082	0.0055	0.0077	0.0049	0.0066	0.6533	0.0239	0.1524	0.0073	0.01	0.0264	0.0056	0.0388
"A7292"	0.0082	0.0069	0.0034	0.0048	0.0062	0.0081	0.0077	0.0028	0.0516	0.0476	0.0338	0.7008	0.0152	0.0224	0.0513	0.016	0.0132
"A7299"	0.0165	0.0075	0.0169	0.0192	0.0079	0.0055	0.0083	0.0175	0.012	0.5493	0.0264	0.2395	0.0085	0.0097	0.0261	0.0086	0.0206
"A7305"	0.0164	0.0079	0.0234	0.0237	0.0077	0.0062	0.0077	0.2467	0.0076	0.4076	0.0212	0.1214	0.0097	0.0104	0.0372	0.0078	0.0374
"A7312"	0.0119	0.0476	0.0062	0.0041	0.0119	0.0398	0.0128	0.0213	0.1843	0.0427	0.1068	0.3357	0.026	0.0685	0.0429	0.0336	0.0039
"A7318"	0.0185	0.0074	0.0161	0.0256	0.0071	0.0059	0.009	0.1431	0.0116	0.5406	0.0321	0.0854	0.01	0.0118	0.0337	0.01	0.0321
"A7324"	0.019	0.0399	0.0052	0.0038	0.0117	0.0324	0.0098	0.101	0.1891	0.0162	0.0473	0.1576	0.0269	0.086	0.2169	0.0306	0.0066
"A7350"	0.0158	0.0508	0.0053	0.0033	0.0111	0.0301	0.0187	0.0906	0.1563	0.0323	0.0878	0.206	0.0232	0.0981	0.1319	0.0346	0.0041
"A7370"	0.01	0.008	0.0123	0.0129	0.0075	0.0096	0.0072	0.0054	0.01	0.5912	0.0417	0.214	0.0103	0.0125	0.0196	0.0101	0.0177
"A7371"	0.0088	0.013	0.0032	0.0026	0.0039	0.0053	0.0055	0.0044	0.0385	0.0912	0.029	0.7074	0.0121	0.0189	0.0264	0.0124	0.0174
"A7390"	0.0301	0.0127	0.0419	0.033	0.0119	0.0102	0.0082	0.0772	0.0158	0.3241	0.0511	0.1346	0.008	0.0194	0.1785	0.0155	0.0278
"A7404"	0.019	0.008	0.0223	0.0246	0.0091	0.0075	0.0091	0.0412	0.0125	0.57	0.0289	0.1352	0.0168	0.0178	0.0473	0.0088	0.0219
"A7410"	0.0052	0.0067	0.0019	0.0013	0.0048	0.0074	0.0083	0.0026	0.0183	0.1138	0.0241	0.6996	0.0115	0.017	0.0306	0.0136	0.0333
"A7427"	0.021	0.0048	0.0287	0.0237	0.0054	0.0058	0.0073	0.1314	0.0064	0.5767	0.0242	0.0855	0.0091	0.0093	0.0275	0.0049	0.0283
"A7433"	0.0102	0.0051	0.0161	0.0147	0.004	0.0058	0.007	0.0041	0.0067	0.641	0.0219	0.1388	0.0094	0.0079	0.0178	0.0041	0.0854
"A7438"	0.0153	0.0422	0.0056	0.0037	0.0103	0.0295	0.0082	0.0631	0.1086	0.0327	0.0865	0.393	0.0277	0.0728	0.052	0.0424	0.0064
"A7441"	0.0108	0.0968	0.0045	0.0039	0.014	0.077	0.0078	0.0034	0.2792	0.0127	0.1508	0.0904	0.026	0.1085	0.0527	0.0585	0.003
"A7442"	0.0077	0.0989	0.0042	0.0045	0.0148	0.0411	0.0074	0.0056	0.1501	0.0187	0.049	0.4816	0.0151	0.0424	0.0278	0.0275	0.0036
"A7443"	0.027	0.012	0.0267	0.0216	0.0109	0.0077	0.0122	0.1675	0.0089	0.4005	0.0323	0.109	0.009	0.0119	0.1228	0.0112	0.0088
"A7448"	0.0122	0.0604	0.0042	0.0031	0.0109	0.0513	0.0072	0.0089	0.2703	0.015	0.1127	0.2114	0.0419	0.109	0.0329	0.0365	0.0121
"A7464"	0.0127	0.0046	0.0326	0.0219	0.008	0.0078	0.0079	0.005	0.0081	0.5701	0.0205	0.2199	0.0082	0.0097	0.0355	0.0074	0.0201
"A7469"	0.0124	0.1975	0.0058	0.0036	0.0125	0.0494	0.0068	0.0038	0.2942	0.0173	0.0587	0.1357	0.0229	0.0604	0.0686	0.048	0.0024
"A7470"	0.0138	0.0511	0.0062	0.0029	0.0125	0.0547	0.0103	0.0066	0.2241	0.0287	0.1582	0.2089	0.029	0.1017	0.0519	0.0326	0.0068
"A7502"	0.0152	0.0056	0.019	0.0237	0.008	0.0042	0.0046	0.0603	0.011	0.4973	0.0275	0.2029	0.0088	0.014	0.0328	0.0077	0.0574
"A7522"	0.006	0.01	0.0022	0.002	0.0039	0.0073	0.0055	0.0015	0.022	0.0923	0.0238	0.7144	0.0086	0.0137	0.0404	0.0092	0.0372
"A7532"	0.0121	0.0082	0.0213	0.0203	0.0096	0.0079	0.0098	0.0032	0.0107	0.5611	0.0412	0.1991	0.0089	0.0143	0.0162	0.0067	0.0494
"A7542"	0.0078	0.0101	0.0017	0.0027	0.0048	0.0094	0.0069	0.0026	0.0514	0.0706	0.029	0.7296	0.0105	0.0145	0.0262	0.0123	0.0099
"A7544"	0.0172	0.0502	0.0061	0.0042	0.0136	0.1082	0.0137	0.0213	0.1505	0.016	0.177	0.1793	0.0248	0.1111	0.0562	0.0443	0.0063
"A7546"	0.0089	0.005	0.0556	0.0354	0.0067	0.004	0.0098	0.0044	0.0056	0.6963	0.0318	0.0682	0.0073	0.0066	0.0226	0.0035	0.0283
"A7566"	0.0107	0.0066	0.0194	0.0207	0.0072	0.0068	0.0059	0.0034	0.0078	0.6346	0.0226	0.1432	0.0076	0.0086	0.0187	0.0052	0.071
"A7573"	0.0086	0.0187	0.0026	0.0022	0.0068	0.0087	0.0116	0.0022	0.0276	0.1121	0.0293	0.2764	0.0113	0.0206	0.025	0.0105	0.4258
"A7587"	0.0275	0.011	0.0457	0.0292	0.0108	0.0101	0.0073	0.0239	0.0124	0.3167	0.0323	0.2202	0.011	0.0156	0.1986	0.009	0.0187
"A7633"	0.0176	0.0118	0.0166	0.0171	0.0079	0.0037	0.0068	0.0367	0.0174	0.585	0.0247	0.1706	0.0095	0.0133	0.0283	0.0093	0.0237
"A7656"	0.0104	0.0727	0.0063	0.0052	0.0155	0.076	0.0117	0.0032	0.365	0.0178	0.1705	0.0777	0.02	0.08	0.0321	0.0251	0.0108
"A7663"	0.0151	0.0384	0.0047	0.0038	0.0099	0.0304	0.0089	0.0456	0.1513	0.0292	0.1151	0.3575	0.0191	0.0725	0.0565	0.0364	0.0056
"A7673"	0.0237	0.0075	0.0647	0.046	0.008	0.0078	0.0084	0.0643	0.0143	0.4653	0.0392	0.1562	0.009	0.0126	0.023	0.007	0.043
"A7707"	0.0197	0.0057	0.0277	0.0304	0.0071	0.0047	0.0072	0.1805	0.0079	0.5128	0.0247	0.0975	0.0084	0.0091	0.03	0.0064	0.0202
"A7726"	0.0083	0.073	0.0067	0.004	0.0102	0.0495	0.0084	0.0055	0.297	0.0135	0.158	0.2231	0.0155	0.0675	0.0225	0.0343	0.003
"A7756"	0.0208	0.0093	0.041	0.0383	0.0105	0.0076	0.0101	0.1458	0.0163	0.3033	0.0482	0.143	0.0103	0.0147	0.1433	0.0092	0.0283
"A7759"	0.0133	0.0295	0.0048	0.0035	0.0101	0.023	0.0128	0.025	0.1107	0.0696	0.1701	0.3453	0.0193	0.067	0.0617	0.0291	0.0052
"A7770"	0.0113	0.0903	0.0057	0.0049	0.0158	0.1082	0.0075	0.0033	0.189	0.0165	0.1535	0.1569	0.0265	0.0596	0.0292	0.0327	0.0891
"A7791"	0.0229	0.0054	0.0546	0.0558	0.0087	0.0062	0.0064	0.0231	0.0061	0.5233	0.0328	0.1424	0.0089	0.0129	0.0474	0.005	0.0381
"A7802"	0.0045	0.0107	0.0022	0.0022	0.0049	0.0081	0.0077	0.0019	0.0302	0.0829	0.0255	0.7208	0.0103	0.0149	0.0225	0.0086	0.0421
"A7815"	0.0107	0.0408	0.004	0.0034	0.012	0.0521	0.0082	0.0043	0.1956	0.0199	0.2714	0.1969	0.032	0.0777	0.0348	0.0329	0.0033
"A7827"	0.0141	0.0089	0.0391	0.0335	0.0096	0.0106	0.0111	0.0116	0.0103	0.5719	0.0275	0.1639	0.0115	0.0099	0.0262	0.0064	0.0339
"A7855"	0.029	0.0083	0.0264	0.0249	0.0104	0.0065	0.0067	0.1792	0.0145	0.395	0.0365	0.1386	0.0112	0.0169	0.0682	0.0092	0.0185
"A7877"	0.0103	0.3813	0.0066	0.0029	0.0217	0.0525	0.0128	0.0032	0.0742	0.0091	0.027	0.0305	0.0242	0.0509	0.2581	0.034	7e-04
"A7896"	0.0137	0.0375	0.0045	0.0028	0.0091	0.0293	0.0094	0.0164	0.1354	0.0263	0.0313	0.2681	0.0293	0.0848	0.2501	0.0473	0.0047
"A7926"	0.0171	0.0057	0.0199	0.0256	0.0066	0.0066	0.0072	0.187	0.0077	0.4785	0.0334	0.1337	0.0088	0.0115	0.0231	0.0058	0.0218
"A7956"	0.0134	0.0075	0.0212	0.0209	0.0046	0.0057	0.0069	0.0947	0.0097	0.5498	0.0227	0.0958	0.0093	0.0129	0.0267	0.0077	0.0905
"A7966"	0.0117	0.0106	0.0212	0.0183	0.0109	0.0126	0.0089	0.0017	0.0152	0.501	0.0454	0.2629	0.0116	0.0104	0.019	0.009	0.0296
"A7973"	0.013	0.087	0.0044	0.0035	0.014	0.0385	0.0068	0.0058	0.1255	0.02	0.0326	0.5048	0.02	0.0404	0.0431	0.0346	0.006
"A7990"	0.007	0.0111	0.0023	0.0015	0.005	0.0066	0.0064	0.0022	0.0125	0.0344	0.0094	0.8436	0.0072	0.0088	0.0179	0.0053	0.0188
"A7996"	0.0118	0.0046	0.01	0.0141	0.008	0.0049	0.0074	0.002	0.0053	0.6429	0.0287	0.1837	0.0087	0.0078	0.0262	0.003	0.0309
"A8042"	0.0037	0.0101	0.0028	0.0024	0.0037	0.0072	0.0073	0.0024	0.025	0.0918	0.0262	0.7069	0.0127	0.0139	0.0236	0.0091	0.0512
"A8065"	0.022	0.0079	0.0249	0.0225	0.0095	0.0053	0.0085	0.267	0.0061	0.3447	0.0285	0.1394	0.0074	0.0114	0.047	0.0063	0.0416
"A8079"	0.0083	0.006	0.0229	0.014	0.0056	0.0048	0.0075	0.0024	0.007	0.6692	0.0238	0.1446	0.0075	0.0073	0.0186	0.0045	0.046
"A8107"	0.017	0.0087	0.0245	0.0268	0.0071	0.0067	0.0086	0.122	0.0122	0.5194	0.0261	0.1205	0.0097	0.0147	0.0381	0.0107	0.0272
"A8150"	0.0177	0.0062	0.0165	0.0176	0.0066	0.0056	0.0052	0.1327	0.0111	0.4775	0.0283	0.1689	0.0079	0.0108	0.032	0.0083	0.0471
"A8184"	0.0061	0.0185	0.0031	0.0015	0.0077	0.0084	0.0081	0.0071	0.0405	0.0601	0.0319	0.6881	0.0127	0.029	0.0494	0.0141	0.0137
"A8185"	0.0178	0.0067	0.0755	0.0492	0.0078	0.0083	0.0116	0.0198	0.0123	0.5612	0.0313	0.0877	0.0086	0.0162	0.0321	0.0099	0.044
"A8194"	0.0145	0.0332	0.0031	0.0038	0.0082	0.0238	0.0097	0.0588	0.1052	0.0279	0.0457	0.4688	0.016	0.0739	0.0678	0.0332	0.0064
"A8200"	0.0063	0.0219	0.0039	0.003	0.0081	0.0102	0.0068	0.0029	0.0468	0.0476	0.0284	0.5211	0.012	0.0185	0.043	0.0145	0.205
"A8246"	0.0115	0.1016	0.0052	0.0055	0.0156	0.1067	0.0111	0.0116	0.1497	0.0185	0.1865	0.1567	0.0263	0.0941	0.0509	0.0437	0.0048
"A8260"	0.0253	0.0081	0.0301	0.0269	0.0107	0.0102	0.0079	0.1907	0.0132	0.2149	0.0357	0.2242	0.0085	0.0156	0.1299	0.0105	0.0376
"A8286"	0.0186	0.0095	0.0149	0.0174	0.0072	0.0075	0.005	0.0818	0.0087	0.5414	0.0315	0.1601	0.0075	0.0114	0.0284	0.0085	0.0406
"A8309"	0.0085	0.0153	0.0035	0.0026	0.0061	0.0129	0.0087	0.0018	0.0345	0.0543	0.0302	0.7013	0.0096	0.0179	0.0619	0.0239	0.007
"A8310"	0.0553	0.034	0.0384	0.0371	0.035	0.0278	0.0074	0.0469	0.0166	0.1396	0.039	0.2009	0.0289	0.0297	0.1147	0.0115	0.1372
"A8334"	0.0184	0.0051	0.0285	0.0322	0.0056	0.0038	0.0095	0.0921	0.0128	0.6083	0.0354	0.0665	0.006	0.0106	0.0294	0.0069	0.0289
"A8361"	0.0132	0.0526	0.0048	0.0025	0.0096	0.0295	0.0086	0.0344	0.1591	0.0409	0.1272	0.2066	0.0264	0.0567	0.0806	0.036	0.1113
"A8364"	0.0135	0.0063	0.0255	0.0175	0.0064	0.0065	0.0089	0.0071	0.006	0.5063	0.03	0.2105	0.0097	0.0122	0.0535	0.0061	0.074
"A8368"	0.0124	0.0773	0.0037	0.0039	0.0116	0.0445	0.0084	0.007	0.3268	0.0228	0.204	0.1256	0.023	0.0585	0.0223	0.0444	0.0038
"A8417"	0.013	0.0073	0.0137	0.0204	0.008	0.0074	0.0108	0.0048	0.0121	0.5908	0.0368	0.1502	0.0097	0.0106	0.0236	0.0071	0.0737
"A8438"	0.0119	0.0495	0.0032	0.0053	0.0133	0.0367	0.0091	0.0134	0.0958	0.0413	0.1339	0.4069	0.0207	0.0627	0.0552	0.0321	0.009
"A8487"	0.0143	0.0075	0.0147	0.0138	0.007	0.0058	0.0061	0.0343	0.014	0.6508	0.0353	0.1031	0.01	0.0111	0.024	0.0075	0.0407
"A8508"	0.028	0.011	0.0584	0.0414	0.0144	0.0105	0.0089	0.0432	0.0146	0.2968	0.0384	0.2503	0.0092	0.0225	0.118	0.0139	0.0205
"A8532"	0.0233	0.0069	0.0315	0.0304	0.0085	0.0089	0.0098	0.0224	0.0133	0.4837	0.0344	0.2119	0.0123	0.0138	0.0311	0.0081	0.0497
"A8547"	0.0089	0.0782	0.0064	0.004	0.0134	0.0599	0.0063	0.0066	0.1471	0.0139	0.1232	0.369	0.0161	0.0657	0.0251	0.0529	0.0033
"A8570"	0.0076	0.0107	0.0096	0.008	0.0059	0.0072	0.0062	0.0017	0.0088	0.4922	0.0438	0.2713	0.0083	0.0097	0.011	0.008	0.09
"A8588"	0.0076	0.0094	0.0029	0.0018	0.0054	0.0079	0.0066	0.0045	0.0221	0.0652	0.0193	0.3143	0.0095	0.013	0.0215	0.0084	0.4806
"A8591"	0.0113	0.0503	0.0036	0.0042	0.0116	0.0611	0.0093	0.0061	0.1803	0.0244	0.1849	0.2219	0.0312	0.1078	0.0428	0.0399	0.0093
"A8621"	0.016	0.0057	0.0129	0.0187	0.0057	0.0057	0.0076	0.0343	0.0076	0.5535	0.0242	0.2015	0.0113	0.0143	0.0365	0.0078	0.0367
"A8644"	0.0131	0.0077	0.0319	0.0298	0.0098	0.007	0.0083	0.0081	0.0113	0.5518	0.0295	0.1973	0.009	0.0107	0.0287	0.0053	0.0407
"A8649"	0.0156	0.0512	0.0048	0.0044	0.0156	0.0548	0.0128	0.0162	0.1302	0.0191	0.0606	0.3264	0.0342	0.0828	0.1326	0.0316	0.0071
"A8689"	0.0183	0.0056	0.0207	0.0216	0.0056	0.0056	0.0076	0.121	0.0097	0.56	0.0225	0.1192	0.0114	0.0121	0.0281	0.008	0.023
"A8705"	0.0131	0.0304	0.0038	0.0022	0.0096	0.0298	0.0083	0.1236	0.1359	0.03	0.0552	0.2755	0.0198	0.095	0.127	0.0374	0.0034
"A8707"	0.0053	0.0098	0.0013	0.0016	0.0051	0.0064	0.0045	0.0024	0.0223	0.0952	0.0243	0.7627	0.0112	0.01	0.015	0.008	0.0149
"A8724"	0.0355	0.0149	0.032	0.0201	0.0133	0.0145	0.0095	0.1626	0.0267	0.1419	0.0462	0.1502	0.013	0.0278	0.2239	0.0141	0.0538
"A8741"	0.01	0.05	0.0052	0.0036	0.0113	0.0311	0.0099	0.0116	0.1903	0.029	0.1339	0.3344	0.0278	0.0628	0.0411	0.0355	0.0125
"A8755"	0.0158	0.0407	0.0041	0.0026	0.0102	0.0327	0.0111	0.0666	0.0927	0.0334	0.0792	0.3386	0.0354	0.0942	0.0988	0.0388	0.0051
"A8793"	0.0151	0.0057	0.0228	0.0231	0.0071	0.0047	0.0052	0.066	0.0053	0.5738	0.0173	0.1385	0.0065	0.0101	0.0208	0.006	0.072
"A8799"	0.0101	0.0082	0.0072	0.0072	0.0065	0.0035	0.0069	0.0041	0.0077	0.6112	0.0226	0.1955	0.0093	0.009	0.02	0.0038	0.0672
"A8815"	0.0102	0.0755	0.0048	0.0038	0.016	0.0847	0.0104	0.0022	0.2236	0.0162	0.1848	0.1895	0.0195	0.0881	0.0313	0.0354	0.004
"A8840"	0.0185	0.0081	0.0407	0.0317	0.0086	0.0088	0.0072	0.0223	0.0113	0.4983	0.035	0.1993	0.011	0.0136	0.0393	0.008	0.0383
"A8866"	0.0233	0.0089	0.0395	0.0507	0.0063	0.0063	0.0083	0.1314	0.0086	0.499	0.0276	0.0965	0.0079	0.01	0.0413	0.0097	0.0247
"A8895"	0.0154	0.0067	0.0434	0.0258	0.0089	0.0059	0.007	0.0041	0.0088	0.4635	0.0276	0.2133	0.0094	0.0115	0.0357	0.0057	0.1073
"A8920"	0.0301	0.0084	0.029	0.0273	0.0094	0.0122	0.0099	0.0853	0.0149	0.1914	0.0386	0.2665	0.01	0.0203	0.1808	0.0176	0.0483
"A8956"	0.0125	0.0221	0.0058	0.0044	0.0122	0.0269	0.0101	0.0236	0.09	0.0333	0.084	0.445	0.0208	0.0699	0.1014	0.0321	0.0059
"A8963"	0.0117	0.0052	0.0308	0.0277	0.0073	0.0042	0.0079	0.0031	0.0087	0.5432	0.027	0.0954	0.0057	0.0085	0.0146	0.0037	0.1953
"A8990"	0.0127	0.0069	0.0172	0.0128	0.0068	0.0059	0.0087	0.0074	0.0128	0.5792	0.0308	0.1694	0.0113	0.0157	0.0288	0.0089	0.0647
"A8997"	0.0056	0.0151	0.0027	0.002	0.004	0.0089	0.0074	0.0023	0.0317	0.1084	0.0328	0.4873	0.0143	0.0217	0.0222	0.0143	0.2193
"A9016"	0.0075	0.0132	0.0023	0.0015	0.0071	0.0096	0.0074	9e-04	0.0252	0.0664	0.0335	0.7074	0.0096	0.0178	0.0374	0.0134	0.0398
"A9040"	0.0116	0.0256	0.0033	0.0033	0.0086	0.017	0.0064	0.1563	0.0763	0.0258	0.0377	0.4622	0.0247	0.0502	0.0628	0.0213	0.0069
"A9062"	0.0124	0.0076	0.0141	0.0144	0.0074	0.0053	0.0062	0.2009	0.0109	0.4893	0.0272	0.1298	0.0089	0.0117	0.0248	0.0079	0.0212
"A9066"	0.0173	0.0378	0.0055	0.0035	0.011	0.0341	0.0091	0.0679	0.1476	0.0253	0.1018	0.3087	0.0254	0.109	0.0551	0.0355	0.0054
"A9069"	0.0162	0.0532	0.0058	0.0048	0.0117	0.0457	0.0113	0.013	0.2164	0.0154	0.0364	0.1339	0.0333	0.0746	0.2902	0.0334	0.0047
"A9088"	0.012	0.1107	0.0061	0.0041	0.0162	0.0759	0.0126	0.005	0.1254	0.0203	0.1672	0.2121	0.0231	0.0905	0.0706	0.0437	0.0045
"A9112"	0.0141	0.008	0.009	0.0113	0.0078	0.0068	0.0089	0.0392	0.0104	0.5485	0.0395	0.1848	0.0102	0.0146	0.0239	0.0067	0.0563
"A9121"	0.0135	0.0221	0.0044	0.0046	0.0104	0.0219	0.0076	0.1452	0.057	0.0488	0.0719	0.3193	0.0178	0.0553	0.1703	0.0199	0.01
"A9126"	0.0169	0.0089	0.0363	0.0281	0.011	0.008	0.0071	0.0138	0.0103	0.5819	0.0687	0.1113	0.0109	0.0151	0.0282	0.0108	0.0327
"A9140"	0.0086	0.0162	0.0031	0.0024	0.007	0.0079	0.0091	0.0021	0.0293	0.096	0.0245	0.3144	0.0108	0.0163	0.0407	0.0137	0.3979
"A9143"	0.0081	0.0088	0.0022	0.0016	0.0043	0.0094	0.0084	0.0152	0.0403	0.0839	0.0367	0.5964	0.0165	0.034	0.0976	0.0164	0.0202
"A9181"	0.019	0.0082	0.0164	0.0196	0.0082	0.0088	0.0074	0.2484	0.0108	0.3866	0.0344	0.1514	0.0083	0.0168	0.0322	0.0111	0.0124
"A9225"	0.0078	0.0128	0.0021	0.0018	0.0085	0.0092	0.0113	0.0046	0.0176	0.0938	0.0339	0.3775	0.0164	0.0229	0.0512	0.0118	0.3168
"A9235"	0.0155	0.049	0.0043	0.003	0.0135	0.0434	0.0097	0.1069	0.152	0.0302	0.1027	0.1855	0.0171	0.1318	0.0694	0.061	0.005
"A9246"	0.0126	0.0054	0.0162	0.014	0.0088	0.0077	0.0082	0.0206	0.0113	0.5108	0.027	0.2487	0.0101	0.0127	0.0403	0.0068	0.0388
"A9258"	0.0175	0.0458	0.0058	0.0035	0.0108	0.0368	0.0087	0.0246	0.1537	0.0354	0.0978	0.3163	0.0291	0.0971	0.0825	0.0289	0.0057
"A9271"	0.0121	0.0426	0.006	0.003	0.0085	0.0417	0.0111	0.1186	0.1276	0.0267	0.1356	0.2134	0.0249	0.1166	0.0571	0.0435	0.011
"A9295"	0.0106	0.0044	0.0159	0.0179	0.0092	0.0068	0.006	0.0038	0.0086	0.5791	0.0331	0.2194	0.0098	0.008	0.0262	0.0067	0.0345
"A9316"	0.03	0.0092	0.1111	0.054	0.018	0.0093	0.0085	0.032	0.0088	0.2356	0.0418	0.1916	0.0107	0.0139	0.1844	0.0067	0.0344
"A9331"	0.0197	0.0068	0.0318	0.0295	0.0093	0.0052	0.0065	0.0503	0.012	0.5601	0.0418	0.1406	0.0047	0.0122	0.0304	0.0085	0.0306
"A9345"	0.0139	0.3136	0.0037	0.0027	0.0124	0.022	0.0078	0.0039	0.1311	0.0151	0.0124	0.225	0.0185	0.0385	0.1504	0.0262	0.0028
"A9354"	0.0354	0.0086	0.06	0.0354	0.0158	0.0071	0.0106	0.1405	0.0109	0.342	0.0279	0.0874	0.0116	0.0117	0.1687	0.007	0.0194
"A9357"	0.0065	0.0199	0.0019	0.0027	0.0067	0.0072	0.0067	0.0043	0.0228	0.0829	0.0258	0.2448	0.0122	0.0186	0.0258	0.0097	0.5015
"A9358"	0.007	0.0067	0.0026	9e-04	0.0057	0.0064	0.005	0.0028	0.0194	0.0446	0.0172	0.8271	0.0076	0.0114	0.0158	0.0096	0.0102
"A9412"	0.0089	0.0414	0.0052	0.0032	0.0105	0.0376	0.0101	0.0073	0.2611	0.026	0.1821	0.2234	0.0263	0.0669	0.0334	0.0366	0.02
"A9415"	0.0079	0.0039	0.0174	0.0124	0.0058	0.0057	0.0076	0.0029	0.0042	0.6674	0.0152	0.0705	0.0082	0.006	0.0118	0.0052	0.1479
"A9422"	0.0116	0.0586	0.0045	0.0041	0.0103	0.0566	0.0075	0.0058	0.1866	0.0285	0.0804	0.3872	0.0251	0.0605	0.0367	0.0307	0.0053
"A9423"	0.0138	0.03	0.0038	0.0031	0.0118	0.0231	0.0121	0.1505	0.1308	0.0507	0.0691	0.2739	0.0207	0.0797	0.0826	0.0352	0.0091
"A9430"	0.0134	0.0063	0.0164	0.0192	0.0072	0.0041	0.0062	0.1075	0.0095	0.5584	0.0269	0.1259	0.0073	0.0107	0.0202	0.0075	0.0533
"A9503"	0.0137	0.0064	0.0322	0.034	0.0093	0.0059	0.0094	0.006	0.0124	0.4703	0.0234	0.153	0.0094	0.0103	0.0165	0.0051	0.1827
"A9521"	0.0091	0.0096	0.0034	0.0028	0.0053	0.0078	0.0052	0.0051	0.0239	0.0461	0.0147	0.3157	0.0096	0.0208	0.0382	0.0125	0.4702
"A9530"	0.0125	0.0668	0.0064	0.0035	0.0111	0.0613	0.0085	0.0075	0.1607	0.0203	0.1177	0.3	0.0173	0.096	0.0604	0.0447	0.0053
"A9561"	0.0203	0.0076	0.0296	0.0239	0.0072	0.0078	0.0066	0.0137	0.0136	0.5172	0.0281	0.2377	0.0135	0.0132	0.036	0.0071	0.0169
"A9582"	0.0142	0.0591	0.0069	0.0036	0.0124	0.0385	0.008	0.0206	0.1982	0.0154	0.0529	0.2909	0.0252	0.0792	0.1385	0.0316	0.0048
"A9587"	0.0087	0.009	0.0097	0.0109	0.0086	0.0054	0.0072	0.0046	0.0064	0.6104	0.0273	0.176	0.0123	0.0079	0.0218	0.0056	0.0682
"A9589"	0.0065	0.0108	0.0024	0.0019	0.0048	0.0071	0.0055	0.0116	0.0152	0.03	0.012	0.8173	0.0118	0.0158	0.0246	0.0112	0.0115
"A9605"	0.0073	0.0162	0.0023	0.002	0.0061	0.0123	0.0076	0.002	0.0254	0.0763	0.0293	0.4805	0.0126	0.0196	0.0257	0.0106	0.2642
"A9611"	0.0255	0.0108	0.0419	0.033	0.0129	0.0126	0.0084	0.1136	0.0229	0.2964	0.0344	0.2032	0.014	0.0197	0.1244	0.0119	0.0144
"A9615"	0.0086	0.014	0.0031	0.0041	0.0036	0.0083	0.0044	0.0088	0.0249	0.0748	0.0247	0.4922	0.0137	0.0184	0.0355	0.0126	0.2483
"A9618"	0.0165	0.0905	0.0064	0.0046	0.0135	0.0729	0.0075	0.0755	0.1163	0.0235	0.0676	0.2872	0.0258	0.0855	0.0586	0.0395	0.0086
"A9620"	0.0169	0.0106	0.03	0.0285	0.011	0.0065	0.0093	0.0032	0.0117	0.4922	0.0293	0.2147	0.0109	0.0114	0.029	0.0062	0.0786
"A9638"	0.0104	0.2652	0.0058	0.0027	0.022	0.0943	0.0103	0.002	0.1466	0.0074	0.0177	0.0202	0.0183	0.0516	0.2532	0.0716	7e-04
"A9642"	0.0141	0.0057	0.0247	0.0214	0.0071	0.0058	0.0061	0.0129	0.0065	0.5516	0.0255	0.2041	0.0089	0.0107	0.0323	0.0039	0.0587
"A9675"	0.0247	0.0127	0.0455	0.0247	0.0133	0.0104	0.0083	0.0396	0.0134	0.3109	0.0374	0.2362	0.0111	0.0164	0.1758	0.0112	0.0084
"A9689"	0.0074	0.0169	0.0034	0.0036	0.0116	0.0095	0.0053	0.0018	0.0087	0.0305	0.018	0.8319	0.0138	0.0103	0.0118	0.0065	0.009
"A9700"	0.013	0.0053	0.0672	0.0587	0.0081	0.0058	0.0085	0.0063	0.0069	0.5587	0.0303	0.1054	0.0087	0.0101	0.0198	0.0037	0.0835
"A9722"	0.0187	0.0092	0.0363	0.0261	0.0086	0.0066	0.0061	0.0727	0.012	0.5693	0.0266	0.1126	0.0105	0.0129	0.0326	0.0113	0.0279
"A9757"	0.0049	0.0135	0.0022	0.0025	0.0061	0.0099	0.0076	0.0016	0.0313	0.0542	0.029	0.7238	0.0097	0.0172	0.0223	0.0149	0.0493
"A9787"	0.0129	0.0058	0.0149	0.0123	0.0084	0.0059	0.0081	0.0171	0.0086	0.5505	0.0314	0.1864	0.009	0.0143	0.0412	0.0084	0.0648
"A9793"	0.0081	0.0156	0.0041	0.004	0.0074	0.0136	0.0093	0.0023	0.0488	0.0848	0.0545	0.6125	0.0105	0.0307	0.0581	0.0179	0.0178
"A9815"	0.0124	0.0109	0.0251	0.0346	0.0075	0.0071	0.008	0.0031	0.0137	0.6016	0.0393	0.1587	0.0105	0.011	0.0267	0.0063	0.0235
"A9855"	0.0068	0.0112	0.002	0.0023	0.0047	0.0083	0.0062	0.0034	0.0446	0.0728	0.0203	0.7388	0.01	0.015	0.0276	0.0142	0.0118
"A9863"	0.0126	0.0055	0.0146	0.0182	0.0076	0.0035	0.0094	0.1771	0.0078	0.5613	0.0328	0.0497	0.0109	0.0125	0.0265	0.0087	0.0413
"A9872"	0.0111	0.0049	0.0147	0.0181	0.009	0.0039	0.0072	0.0019	0.0094	0.6242	0.0232	0.1474	0.0072	0.0089	0.0167	0.0038	0.0884
"A9921"	0.015	0.0338	0.0056	0.0054	0.0155	0.039	0.0121	0.013	0.0593	0.0378	0.1114	0.3836	0.0389	0.0712	0.1118	0.0254	0.0212
"A9962"	0.0198	0.009	0.0566	0.0442	0.0128	0.0096	0.0082	0.0198	0.0076	0.5889	0.0302	0.108	0.0092	0.0106	0.03	0.0067	0.0288
